100,100
258 125 709 279 123 648 880 659 746 502 234 241 216 582 858 701 442 363 42 258 391 655 595 383 749 794 111 652 54 615 536 312 740 597 943 215 246 175 226 992 677 461 585 246 43 795 947 837 158 989 96 902 644 43 285 745 837 748 397 243 715 285 908 455 883 851 23 129 27 249 473 56 710 410 302 106 557 249 295 716 591 743 970 235 786 255 333 976 3 82 571 718 368 479 525 603 683 548 84 710 
150 909 118 212 319 421 318 876 22 966 944 613 61 914 201 200 521 534 176 876 616 747 946 336 579 472 291 262 372 375 324 522 636 442 735 307 215 405 184 238 723 480 851 785 747 52 985 620 586 513 497 555 612 443 243 191 267 535 805 640 262 129 514 899 924 249 206 139 7 742 377 730 575 581 867 322 633 852 942 572 717 791 479 330 235 722 873 502 609 679 494 224 160 9 123 84 610 681 576 969 
776 305 52 351 886 919 25 520 124 319 444 841 111 923 523 698 997 397 200 607 428 47 183 588 56 306 25 18 339 953 988 115 258 40 466 145 311 843 17 435 163 461 629 626 384 152 324 733 549 876 692 329 923 875 918 331 533 295 350 873 248 690 340 858 82 807 3 393 2 20 829 165 833 810 791 569 962 467 303 864 344 347 193 267 223 463 951 756 110 301 981 358 343 322 217 425 481 572 818 483 
945 999 1 778 809 144 700 124 612 355 988 956 702 533 575 925 997 526 34 459 179 15 818 522 337 387 299 818 311 118 654 256 117 655 387 279 799 439 403 763 794 391 719 496 276 647 422 625 525 456 85 705 823 903 579 513 642 879 331 305 349 337 562 466 992 301 97 144 740 500 907 886 243 979 382 520 978 156 145 503 964 230 560 788 485 492 301 479 371 984 785 720 322 699 538 666 352 636 162 92 
488 422 978 732 753 712 252 731 869 749 586 833 980 147 973 817 639 274 297 362 611 82 434 285 133 972 951 485 960 466 577 449 888 907 533 993 971 785 76 840 886 662 26 866 161 999 684 152 626 333 514 237 767 948 874 900 273 825 385 585 643 314 386 883 573 919 876 544 56 952 385 943 967 763 161 128 762 197 281 740 530 147 977 297 448 851 197 73 29 934 658 24 248 45 908 821 316 136 366 373 
441 103 668 408 866 829 888 980 27 521 721 909 669 50 559 117 902 108 190 283 43 200 659 291 597 567 465 914 56 183 287 497 286 307 257 504 136 145 484 515 667 205 425 336 256 984 805 510 92 347 793 487 547 452 131 145 372 596 411 428 131 698 277 417 5 534 921 493 679 405 9 698 963 786 386 219 122 191 729 566 890 874 54 790 678 185 935 402 133 346 182 264 396 459 33 753 345 306 598 25 
63 959 75 26 745 462 245 219 653 974 786 896 200 192 686 879 729 973 281 214 671 464 478 419 275 863 524 621 169 122 998 232 82 73 259 179 535 856 399 541 183 537 437 383 729 475 614 458 448 248 672 119 64 502 538 339 365 62 312 886 536 310 470 970 736 81 150 623 938 901 516 121 438 305 504 519 780 471 977 228 719 1 699 783 855 589 122 572 3 787 458 540 97 280 510 185 362 12 809 300 
913 325 421 703 631 277 222 763 748 551 344 819 904 395 602 759 985 77 683 340 864 141 232 313 774 95 499 136 107 660 436 373 337 209 428 320 486 651 84 587 554 428 758 811 175 361 570 160 438 254 853 654 747 85 967 521 180 818 9 640 478 445 13 816 654 441 136 493 444 572 432 351 352 190 162 528 903 732 40 693 338 893 347 438 979 667 311 511 485 321 151 964 118 164 132 125 958 620 618 754 
193 402 105 897 592 267 425 848 352 466 541 42 711 241 832 42 908 144 554 393 817 705 709 287 222 193 412 532 814 382 286 359 784 392 256 729 659 34 577 11 852 118 54 563 711 886 606 619 382 512 365 551 569 74 191 791 620 603 323 434 986 610 145 770 354 753 499 13 787 428 377 639 899 431 555 610 669 513 230 404 25 947 307 594 21 498 738 641 102 413 427 440 375 572 210 729 326 62 743 465 
842 120 457 741 903 12 352 924 877 934 680 254 881 988 200 254 486 938 248 940 704 27 380 79 952 943 809 630 357 552 95 199 24 552 293 279 916 645 203 793 931 236 399 164 224 600 770 710 890 370 3 594 398 383 674 702 678 483 332 387 387 779 587 411 332 880 42 600 877 597 746 160 833 145 676 57 745 446 120 988 169 123 582 567 858 256 621 889 91 953 276 478 732 215 241 416 447 635 17 324 
233 115 836 66 260 512 476 358 311 596 346 480 71 280 399 281 889 20 170 980 325 799 811 409 14 404 826 462 40 195 138 273 662 327 339 922 839 167 632 502 763 330 334 186 611 85 468 500 457 990 832 782 789 643 544 156 48 370 618 88 917 108 713 579 435 404 853 627 572 486 481 687 816 816 874 779 901 342 279 359 332 464 493 474 107 37 630 507 759 248 947 28 708 660 959 144 417 813 123 989 
651 604 676 819 420 550 599 674 244 230 385 577 694 230 51 154 620 681 661 379 281 609 760 341 621 719 837 38 532 960 379 535 565 408 355 337 958 306 363 555 536 748 132 231 331 535 737 951 568 398 682 201 359 442 542 981 162 380 371 46 692 103 582 609 511 289 299 821 595 662 376 131 763 860 714 94 747 803 397 315 202 79 868 561 874 411 894 388 143 618 786 835 73 720 797 584 9 96 757 604 
110 486 88 225 346 154 319 94 958 68 761 512 500 630 425 374 393 672 762 536 290 548 723 363 269 872 299 630 968 56 587 431 542 27 656 241 533 328 687 843 396 448 355 896 78 781 622 823 805 384 359 447 285 435 810 906 307 461 888 628 869 475 59 764 854 715 5 388 43 692 231 440 492 939 688 923 72 311 746 877 47 458 324 684 893 486 942 200 947 831 828 816 658 239 580 513 955 937 901 998 
629 484 790 474 423 831 397 495 142 143 724 541 601 48 226 846 534 520 47 833 703 227 2 362 467 934 227 774 872 128 124 853 964 915 327 388 746 76 235 240 220 960 133 173 360 711 20 895 232 419 80 935 998 82 649 817 17 876 591 241 356 716 94 321 983 774 61 81 850 648 321 422 608 454 596 969 166 968 216 750 387 296 685 385 379 687 203 748 563 146 989 920 862 83 241 197 857 654 278 60 
302 599 482 911 406 78 232 924 46 448 26 785 96 63 171 475 750 726 223 314 872 212 234 87 648 827 284 857 481 563 917 783 514 400 46 272 830 278 548 229 78 574 14 175 990 537 2 740 615 578 54 840 790 640 927 790 467 563 648 300 478 917 436 993 669 482 617 500 113 518 81 191 92 95 718 82 985 721 175 600 299 581 440 441 222 719 584 41 283 584 342 761 501 778 106 171 612 724 23 725 
242 104 269 686 551 987 121 536 60 648 489 711 229 929 153 451 649 89 493 284 673 187 45 174 965 152 697 577 228 72 655 822 528 924 860 432 263 981 320 676 629 809 387 859 739 892 662 740 981 507 24 654 694 421 181 11 573 230 941 153 303 596 975 183 872 836 615 487 169 936 163 151 745 903 362 836 795 24 928 129 532 952 783 578 374 316 590 299 547 531 805 850 479 780 33 351 968 649 190 490 
937 354 641 682 609 3 519 404 379 447 885 263 752 669 194 478 337 784 129 884 667 934 86 146 67 120 849 35 121 39 525 410 745 518 92 354 873 963 111 253 763 996 868 867 17 62 345 355 198 826 239 865 113 326 11 180 798 212 567 271 252 93 681 349 963 125 704 837 89 167 442 204 163 310 71 181 725 768 536 923 594 127 141 707 805 504 239 955 717 807 578 321 252 259 670 215 737 374 52 826 
541 846 382 57 509 453 238 234 573 126 509 519 605 650 227 763 155 818 718 872 625 297 193 229 908 215 445 645 942 849 823 483 696 205 892 205 658 482 791 231 960 300 751 566 303 330 681 810 500 399 34 126 48 227 355 957 794 152 602 736 2 426 572 50 983 464 255 994 947 46 577 907 698 328 825 1 10 506 163 863 258 197 341 306 776 48 263 571 201 218 307 555 996 879 605 979 344 212 973 643 
258 551 902 308 231 728 662 594 586 825 809 844 23 150 503 799 198 118 722 751 336 30 306 684 909 263 16 605 475 341 600 85 244 503 394 828 583 56 774 169 233 583 366 608 733 869 408 283 987 130 35 676 512 341 712 774 957 728 379 432 70 980 518 666 835 912 494 418 320 268 587 553 851 305 162 936 174 922 220 514 404 607 542 917 300 254 43 257 983 774 690 405 106 208 71 941 472 918 359 792 
186 299 697 390 604 211 678 131 133 250 997 890 857 539 159 510 145 202 767 480 976 457 885 83 17 309 376 489 579 736 633 765 387 331 507 991 894 538 474 380 788 471 270 998 362 781 508 508 983 275 988 311 85 226 746 102 887 123 944 466 211 577 583 598 260 91 941 155 629 416 535 769 239 157 767 602 938 275 462 273 903 450 584 988 28 683 442 915 806 386 381 369 316 965 967 928 408 908 435 37 
324 322 158 564 479 926 518 769 201 980 42 104 782 979 444 811 662 887 726 820 625 460 189 293 425 508 574 185 416 9 222 93 684 732 9 163 658 527 285 212 859 327 668 641 658 113 804 672 352 531 492 329 343 33 623 768 541 549 953 310 910 527 403 594 259 412 110 270 291 395 482 150 722 502 143 733 615 948 405 319 831 250 649 174 283 624 294 177 173 599 487 435 126 242 30 737 654 140 359 297 
535 193 799 609 696 942 342 663 242 748 983 73 350 984 599 633 608 893 162 133 492 1 568 970 243 950 60 249 90 419 546 977 613 345 587 661 640 281 324 882 381 307 956 731 643 555 717 603 801 231 736 293 233 657 616 476 607 676 78 698 447 976 675 60 322 614 73 314 896 398 196 629 57 504 361 701 412 78 304 213 309 393 858 894 50 474 723 9 502 801 59 950 777 87 362 451 701 436 117 949 
186 314 579 243 170 292 296 582 722 601 147 31 346 358 278 396 184 1 757 687 154 817 989 283 904 351 87 957 139 204 907 325 518 838 921 689 130 217 623 852 818 771 235 164 481 513 912 665 866 22 352 20 839 341 656 95 45 743 52 536 947 311 862 818 149 135 859 631 352 834 835 171 605 71 687 86 936 952 752 803 974 456 175 165 150 831 260 547 926 312 83 874 976 297 44 477 432 903 109 785 
737 944 308 695 367 347 133 304 299 237 459 625 46 986 790 196 170 50 743 96 715 178 322 691 476 366 520 260 621 629 45 711 926 705 758 293 53 243 949 704 833 760 330 879 747 120 427 917 523 522 365 238 700 688 281 528 406 801 789 380 783 186 91 709 892 201 354 297 444 656 1 277 416 683 508 163 156 935 432 679 457 798 269 510 838 902 390 596 703 179 976 838 718 419 899 962 620 254 259 417 
262 612 46 678 648 555 194 804 842 978 835 652 128 104 162 318 6 552 915 61 84 891 900 154 663 151 116 635 757 727 52 19 691 451 50 339 6 244 143 200 574 978 852 703 434 366 21 792 271 936 854 355 180 106 861 843 257 977 478 15 704 883 34 747 334 84 87 692 680 582 892 255 913 97 310 699 463 331 492 734 620 346 441 800 804 302 995 413 631 825 428 687 708 815 435 394 251 874 86 284 
456 979 891 721 428 201 421 891 532 913 978 504 611 771 656 767 426 651 180 57 829 961 97 537 776 532 932 379 406 18 663 214 349 554 288 129 107 709 21 992 974 351 496 585 474 153 704 900 156 884 310 985 845 407 523 973 939 807 705 697 177 720 263 879 627 551 8 734 612 381 726 586 84 223 523 559 728 227 459 884 464 769 222 661 528 97 987 819 904 692 868 433 764 132 312 391 35 673 126 648 
406 204 586 491 779 110 50 507 689 861 744 505 983 966 167 511 63 154 331 319 198 199 104 962 683 769 354 719 442 832 719 200 388 305 691 168 767 93 675 809 955 419 314 938 737 481 449 152 987 132 823 185 684 928 500 367 49 206 86 843 390 157 43 778 463 735 946 582 180 622 391 135 393 706 73 483 539 875 987 527 359 811 64 43 91 916 411 140 122 849 983 512 7 378 643 822 465 589 404 646 
563 796 781 309 854 207 792 393 434 779 272 793 942 337 837 385 605 600 525 728 801 860 592 808 591 587 982 56 177 387 702 740 535 836 401 389 43 545 134 477 677 407 622 619 96 811 5 701 763 882 781 565 95 726 373 686 313 708 94 490 95 797 583 982 633 336 723 28 882 857 857 559 616 479 530 712 643 887 766 406 770 899 971 217 625 697 255 291 405 349 133 852 498 68 834 483 405 557 511 287 
414 368 846 383 200 376 95 843 264 213 249 386 113 573 955 90 270 562 381 27 263 515 879 762 583 713 597 988 622 109 627 36 829 825 419 29 554 867 872 170 432 474 908 545 47 863 636 669 777 369 696 40 884 575 154 820 640 752 160 262 861 788 650 690 613 422 720 519 641 944 689 73 418 597 619 817 812 607 838 589 328 534 630 213 461 136 33 453 888 193 715 749 333 718 792 299 140 864 818 133 
160 508 206 579 457 177 748 270 136 587 859 465 473 841 30 935 978 63 388 218 608 456 968 294 174 112 593 666 328 411 799 488 271 357 419 729 887 168 999 23 107 210 488 580 404 870 867 734 933 608 952 894 64 272 540 590 384 133 608 712 896 759 201 520 116 972 249 3 140 600 379 599 162 219 180 566 90 47 300 375 655 253 621 71 877 161 661 262 646 621 326 895 380 879 415 497 852 16 852 344 
616 583 944 778 803 476 697 893 875 349 268 883 954 242 954 832 403 968 446 402 589 772 297 970 4 712 819 208 728 23 904 696 607 848 826 410 676 523 655 552 873 275 435 827 517 389 659 273 709 105 675 299 230 972 621 586 684 792 146 764 815 50 460 422 251 286 184 927 162 839 479 35 115 914 214 984 656 226 257 365 683 932 16 265 904 989 851 940 781 349 704 597 400 516 371 651 803 556 930 317 
747 410 704 862 676 918 199 684 496 456 402 180 389 418 797 293 760 1 234 541 350 290 138 750 807 862 753 962 418 684 279 165 446 983 380 474 901 579 159 750 387 561 930 776 331 727 422 91 728 8 985 431 298 475 533 105 337 287 419 107 323 698 625 121 681 357 595 935 288 106 685 675 19 967 452 703 46 874 794 127 234 779 558 532 607 91 990 944 730 409 52 405 108 677 526 141 386 474 76 674 
580 113 349 952 80 801 655 127 27 801 254 261 933 164 146 540 255 136 484 986 897 888 743 357 917 270 499 303 96 927 977 28 41 327 980 473 480 635 600 860 789 206 121 722 370 619 614 978 107 98 964 5 339 707 362 256 329 213 912 425 493 889 454 886 568 786 359 49 774 312 909 563 518 382 637 241 2 251 219 109 701 535 466 40 242 181 649 924 746 561 701 239 802 155 125 723 294 837 124 68 
149 33 631 667 767 620 260 121 871 479 583 572 14 49 965 609 230 966 533 977 879 234 568 681 742 46 756 388 883 880 456 32 265 439 51 33 59 312 506 282 791 89 206 806 139 171 415 721 489 300 50 368 886 619 402 980 665 158 368 900 39 176 932 304 615 335 689 26 647 196 308 791 285 515 597 776 38 364 498 528 16 900 896 902 871 650 235 888 809 603 788 200 780 720 504 747 408 194 774 55 
742 82 846 27 949 795 156 988 511 654 868 879 906 116 782 778 767 369 666 928 324 455 128 456 527 632 204 935 178 330 991 272 764 189 652 714 337 808 54 200 462 922 80 368 38 214 146 157 583 165 85 907 620 213 364 147 198 920 83 728 250 426 353 14 967 5 80 304 813 134 505 627 408 585 347 799 799 846 308 734 11 394 641 631 959 357 778 509 277 213 590 879 639 943 246 607 948 326 263 761 
813 120 388 221 705 735 372 856 933 681 590 944 427 584 575 386 941 706 248 571 919 838 802 911 781 48 870 81 375 133 842 540 254 582 113 311 669 486 520 603 167 462 547 594 46 475 332 340 181 580 263 452 770 65 363 551 114 233 984 841 367 178 381 973 760 494 284 782 980 156 737 499 619 636 445 665 111 130 357 644 710 620 97 481 686 460 384 152 46 369 993 765 547 726 738 660 220 374 794 553 
531 883 404 150 519 202 167 983 332 877 979 394 497 76 227 535 889 612 687 935 333 32 700 232 758 790 244 331 516 390 236 47 273 640 549 793 842 69 128 526 946 107 921 443 536 148 331 425 112 370 712 445 755 764 30 513 554 274 196 70 665 432 470 290 73 371 83 267 440 563 794 386 671 715 182 559 215 513 984 328 235 696 125 990 460 155 856 366 782 52 788 799 485 610 89 910 982 525 177 422 
440 323 161 463 390 343 22 606 208 6 934 443 54 411 434 866 919 290 232 701 694 373 852 179 983 293 441 965 818 971 740 259 294 901 722 685 596 745 643 804 103 929 599 158 340 385 376 259 27 609 312 722 334 516 253 317 810 47 635 980 18 375 239 312 628 314 349 576 411 344 380 866 273 331 376 966 717 753 225 96 714 890 170 48 406 424 717 568 471 352 549 841 79 140 153 59 454 855 635 217 
199 367 436 825 51 812 791 768 565 368 216 279 610 387 679 369 163 397 937 634 101 486 475 533 627 980 944 433 187 580 3 739 299 439 564 350 251 355 470 169 75 687 800 686 426 832 55 589 229 992 575 682 831 402 567 810 382 512 595 922 444 598 661 743 389 577 94 993 284 564 162 359 603 962 45 29 146 100 618 375 445 193 410 276 595 329 86 330 841 681 604 285 632 617 29 21 194 475 14 478 
39 176 189 995 491 235 24 637 687 995 365 132 188 127 408 136 456 846 818 650 528 422 935 160 39 316 533 585 791 548 415 183 76 604 178 919 839 202 909 879 197 626 11 738 753 772 226 561 618 44 211 498 818 499 658 857 815 192 442 607 92 209 790 168 813 320 440 5 874 349 884 424 327 247 162 432 19 740 993 638 784 557 136 602 56 147 811 223 691 605 830 783 814 972 303 627 644 95 632 519 
444 868 943 123 116 105 555 135 845 901 125 981 458 614 583 866 761 746 89 452 351 272 587 517 596 242 144 241 338 129 760 134 997 703 258 465 160 813 953 357 66 78 338 524 692 273 742 805 371 184 609 722 808 196 239 404 791 735 997 129 216 109 615 566 164 873 31 324 39 984 33 105 63 723 982 107 348 724 913 719 260 522 793 68 71 384 825 862 120 822 343 688 932 958 254 96 832 286 773 223 
270 158 328 685 882 662 145 230 739 58 302 999 932 95 68 3 480 893 217 952 67 560 640 999 519 895 448 703 533 573 926 155 731 606 841 613 269 338 196 8 396 498 359 680 593 427 36 425 672 253 729 740 814 370 739 333 617 539 36 150 112 314 657 844 920 850 809 189 188 5 549 936 503 909 617 449 688 653 226 361 906 956 101 72 678 192 757 647 732 793 797 196 107 806 40 380 657 202 921 845 
207 471 782 63 732 399 864 420 404 90 781 662 398 882 735 76 427 492 723 159 638 872 355 97 679 748 477 336 950 399 181 509 222 315 572 954 66 788 374 470 879 508 133 277 742 220 706 169 712 781 680 350 654 36 800 685 784 277 373 86 28 554 595 250 222 520 204 288 308 931 759 539 791 244 169 885 464 875 55 528 8 735 879 662 123 31 699 259 308 72 345 337 979 293 939 201 813 496 489 473 
427 600 13 570 844 534 455 660 761 862 189 769 598 420 432 721 451 483 333 759 556 678 448 535 971 740 736 784 236 225 610 15 178 623 585 22 509 392 683 270 255 224 39 205 644 823 926 95 307 611 206 863 290 7 398 261 747 486 398 983 63 360 998 241 335 935 616 844 327 299 114 934 875 153 139 519 329 418 614 988 29 820 851 319 827 601 933 574 87 683 909 502 43 259 744 378 546 360 222 226 
11 688 160 886 193 300 405 522 718 19 862 99 191 713 419 19 666 704 945 105 739 207 608 134 466 352 512 13 64 86 591 75 126 751 313 319 403 718 194 473 89 56 573 280 122 344 651 788 400 949 246 139 156 206 273 974 910 137 339 974 575 930 401 701 34 714 20 437 784 566 263 873 623 836 505 745 532 157 885 932 458 483 423 614 689 48 940 599 185 280 925 112 210 326 813 596 40 185 34 176 
752 297 49 727 485 907 472 369 416 709 301 874 193 76 840 882 124 780 834 661 60 759 773 623 86 938 219 478 475 605 655 227 902 56 306 739 963 778 108 379 840 761 605 33 189 445 267 313 226 453 326 638 213 451 261 651 389 833 481 217 438 488 444 693 545 751 432 860 881 893 592 73 6 549 458 196 995 78 861 573 531 188 211 744 991 825 747 381 658 229 598 96 717 394 789 614 497 574 827 731 
467 419 804 825 320 263 21 315 341 883 888 224 423 452 969 414 277 68 147 287 297 97 383 367 844 525 333 341 99 160 424 918 931 229 743 252 844 765 567 537 0 808 761 423 612 82 189 241 151 337 528 800 434 911 167 278 788 501 972 887 13 396 157 945 977 901 197 821 18 116 358 370 276 472 145 240 554 334 481 57 671 9 858 458 273 377 736 61 230 60 301 244 457 810 189 434 63 738 608 81 
206 318 803 835 790 948 75 345 635 557 402 658 918 612 116 191 990 205 605 572 265 258 816 74 68 357 509 132 447 469 565 654 787 369 841 578 669 916 275 656 825 29 315 744 642 783 287 984 988 244 556 606 502 373 680 571 82 541 703 530 362 620 536 150 989 729 728 11 645 355 667 823 384 334 919 378 118 206 362 458 451 919 64 305 644 97 876 78 990 931 960 353 552 496 503 893 577 583 904 223 
938 924 398 674 258 317 53 376 875 415 187 678 686 603 984 682 700 860 761 43 144 73 748 696 922 603 941 499 538 846 722 476 122 472 150 732 789 555 109 17 971 648 695 9 251 679 44 304 892 157 347 36 230 447 84 152 50 25 652 588 223 726 416 697 199 918 430 340 474 891 357 797 539 53 806 790 84 850 94 328 7 793 364 238 240 800 742 642 178 394 230 753 121 998 451 672 917 233 12 391 
124 722 188 663 127 346 805 211 197 252 540 556 45 256 146 638 409 889 280 587 283 863 692 756 861 495 428 130 728 793 521 852 515 61 867 642 408 673 205 957 925 745 513 322 354 12 312 763 901 945 702 536 808 746 293 21 242 73 152 970 866 25 175 381 87 42 375 847 67 581 804 992 678 669 667 32 681 979 147 582 924 849 471 84 948 764 106 190 189 610 160 56 635 687 789 722 730 165 921 797 
746 725 142 424 395 809 809 428 140 956 11 417 158 834 501 106 598 959 296 139 569 808 195 557 848 985 631 578 502 553 375 600 278 869 376 25 678 185 454 171 494 817 940 652 651 441 110 601 753 758 740 674 918 288 231 766 625 863 344 127 768 72 727 398 941 455 424 972 641 230 495 135 399 435 139 402 228 249 355 981 359 447 8 277 87 239 44 712 454 740 191 222 812 270 973 106 726 749 78 719 
331 925 854 730 360 345 484 588 946 191 922 305 638 930 582 726 169 978 790 976 719 982 550 883 252 523 989 978 272 419 697 603 344 903 685 56 600 169 645 546 360 567 203 351 497 786 77 18 116 867 346 187 201 897 71 454 420 412 784 45 832 834 0 528 737 686 585 338 207 582 236 920 149 440 271 998 578 700 368 46 919 715 234 121 612 305 575 384 717 711 781 901 545 782 782 635 820 367 973 27 
301 561 947 450 353 570 800 931 270 168 978 190 883 564 663 847 869 590 584 938 301 717 192 847 499 326 482 319 45 807 699 346 720 998 796 74 569 948 357 839 116 687 381 352 251 44 551 472 634 135 411 936 853 955 783 704 281 617 376 326 424 75 672 496 73 820 570 994 768 928 834 884 615 215 588 219 260 140 691 246 275 102 182 480 409 317 537 690 934 913 368 710 340 392 207 765 212 129 760 980 
57 594 217 25 161 805 244 773 297 935 20 573 390 202 405 799 872 942 842 158 207 562 869 547 955 428 313 167 909 73 500 967 19 69 344 532 226 940 658 524 875 678 449 617 232 854 769 104 149 611 615 356 525 836 904 480 264 569 0 525 994 852 492 365 921 188 249 147 128 907 671 356 585 472 973 170 327 742 626 828 705 241 184 231 77 440 711 693 361 63 219 355 915 63 72 836 604 322 336 732 
229 7 88 167 480 62 337 159 156 315 339 862 557 875 93 986 316 156 32 29 220 603 385 487 666 809 324 270 131 660 355 361 19 443 880 851 857 569 362 14 884 701 876 793 577 321 132 245 829 164 274 49 767 11 537 785 821 213 408 952 225 115 665 244 910 545 96 768 114 810 134 351 512 362 144 89 683 276 334 512 792 608 914 911 620 803 49 793 16 809 745 241 924 763 837 834 308 285 954 775 
96 88 478 608 450 622 49 485 251 735 350 395 695 616 659 667 419 708 460 787 869 206 380 793 321 217 979 629 503 934 756 951 374 586 559 177 209 960 662 812 695 364 559 390 980 218 58 751 278 518 538 147 76 918 292 397 488 272 379 343 206 487 294 580 74 853 757 635 165 772 799 860 488 358 602 469 929 660 572 559 531 111 59 607 381 351 357 221 975 736 564 181 575 858 114 649 63 223 284 228 
347 83 88 836 794 691 305 75 703 229 986 234 692 45 194 74 749 903 647 724 639 212 906 214 70 372 216 134 595 500 714 943 936 155 779 82 198 436 509 901 665 495 488 710 541 34 136 290 937 783 14 928 995 272 494 418 644 710 904 592 563 618 887 499 773 18 933 971 806 442 225 823 937 65 533 830 99 669 472 36 453 487 316 800 111 810 218 108 521 474 700 84 93 939 935 218 957 220 190 115 
662 767 938 951 832 472 782 931 493 254 319 946 93 635 99 205 445 669 665 318 144 717 754 237 656 41 455 965 261 997 432 275 764 370 579 596 194 713 879 688 319 198 986 765 185 437 322 983 107 987 301 251 704 408 488 712 801 295 29 415 645 461 690 409 831 621 358 26 334 237 66 6 788 404 771 973 842 93 956 949 80 610 200 136 370 40 848 171 687 877 586 332 338 629 94 521 250 804 899 937 
41 317 943 181 722 66 155 564 159 463 865 591 425 417 79 795 457 927 967 496 156 905 181 846 534 275 367 137 79 619 74 472 936 369 654 658 787 161 574 946 624 439 889 50 856 968 845 665 247 164 514 755 70 695 953 604 322 672 93 401 291 519 225 228 888 231 238 675 392 813 973 17 604 214 419 813 534 616 478 133 781 344 888 203 39 841 159 361 514 253 114 157 772 692 385 13 923 624 40 316 
789 14 685 393 580 456 206 115 72 37 248 205 381 489 408 773 682 920 486 548 173 953 706 297 645 91 310 568 67 351 236 856 717 273 250 297 729 808 764 154 845 13 711 579 502 472 352 536 392 190 85 917 143 791 214 788 882 525 709 302 228 297 158 945 571 760 594 652 921 359 158 118 372 870 697 226 342 401 762 86 592 847 3 735 638 217 876 873 94 585 175 322 882 685 619 805 798 214 458 719 
573 968 837 297 838 887 875 532 640 637 970 232 837 973 320 827 543 196 52 989 781 579 664 15 265 283 821 415 849 631 486 422 599 323 71 790 562 946 674 203 936 645 787 773 970 107 952 865 303 5 207 436 584 871 452 201 506 273 616 356 904 102 130 855 778 202 645 340 500 672 895 436 669 683 561 639 790 514 857 446 519 64 882 455 287 334 657 793 959 273 149 215 376 632 71 506 186 68 846 38 
740 94 475 409 777 388 401 919 254 610 365 773 674 248 581 313 934 238 106 246 511 608 461 239 592 884 745 778 953 944 816 45 38 643 807 815 32 560 86 286 170 452 412 196 52 993 509 338 583 615 584 94 575 398 686 167 282 431 297 235 727 114 633 765 109 440 932 493 352 19 780 522 823 544 718 875 889 579 213 472 546 150 918 122 548 956 641 830 388 939 418 467 53 403 233 162 843 517 656 547 
888 788 69 711 684 139 586 925 718 152 749 264 302 19 738 202 976 380 32 716 319 802 183 724 205 768 238 400 286 246 947 174 386 16 238 70 507 824 347 225 328 448 842 982 468 580 184 444 960 217 512 631 371 695 355 577 816 594 977 454 840 925 980 227 293 218 649 801 43 349 378 723 797 220 706 265 801 890 61 113 459 925 745 831 973 100 760 789 46 737 595 887 14 575 466 660 794 467 813 189 
816 191 912 966 412 618 231 565 861 645 678 320 922 775 503 895 876 263 36 274 353 631 161 719 207 979 379 1 799 192 542 615 384 454 581 148 425 165 713 286 162 743 958 84 519 814 332 747 77 368 21 430 0 535 150 559 514 881 912 665 74 454 281 810 260 214 310 37 731 375 675 245 118 634 682 637 448 14 736 877 734 758 660 86 293 162 645 159 43 909 825 469 363 458 631 976 672 941 13 756 
316 41 1 787 27 35 776 475 49 513 704 136 271 364 222 916 526 220 75 922 129 252 391 845 710 23 821 735 316 186 491 633 579 844 772 606 880 548 433 281 61 138 417 684 854 992 600 381 212 676 303 341 280 46 538 991 421 359 726 738 898 569 723 477 765 495 84 997 43 517 631 105 7 400 141 862 392 742 595 956 770 250 298 50 296 836 41 718 548 119 808 798 40 531 627 158 26 63 155 421 
933 138 878 940 539 20 154 283 762 749 240 532 999 890 934 648 78 328 718 978 799 526 776 840 57 756 998 435 171 505 856 104 644 735 397 535 107 551 818 869 653 410 753 4 300 39 652 379 367 370 357 167 896 486 7 305 594 357 740 765 214 597 870 210 684 619 97 143 170 916 12 175 326 117 180 979 156 832 358 524 203 67 43 451 905 402 757 499 111 497 265 325 446 487 888 482 106 985 625 628 
253 989 156 580 106 336 559 615 520 269 491 75 688 534 527 594 288 284 93 399 133 710 76 932 549 964 414 7 302 392 988 555 381 144 487 840 832 46 807 352 667 298 428 356 184 307 950 472 943 395 223 76 458 299 360 359 616 127 367 918 519 355 473 252 851 961 92 35 359 251 387 379 901 167 735 85 474 37 909 417 784 132 846 242 784 206 602 400 333 321 318 204 28 143 457 879 104 901 914 816 
153 653 195 54 821 930 492 647 319 401 65 103 886 263 346 22 469 300 422 155 621 92 359 649 235 168 880 692 422 146 508 575 799 55 981 972 985 473 620 656 227 685 759 465 300 457 487 121 757 261 276 730 705 988 379 940 508 259 984 930 757 844 857 557 899 839 529 236 664 149 892 243 186 652 708 838 109 547 960 219 160 236 949 865 576 681 158 85 940 142 367 698 987 225 607 886 64 488 123 728 
990 367 324 528 19 32 367 481 932 327 52 92 915 1 310 492 682 468 929 975 962 296 25 949 521 984 188 937 472 663 18 462 30 342 991 402 726 358 235 10 37 287 103 952 288 765 796 323 233 725 650 195 374 675 497 247 659 37 185 483 52 203 298 82 897 289 836 623 999 71 634 388 358 89 340 999 206 137 322 439 214 972 986 588 999 835 836 10 872 373 845 924 928 143 359 825 784 547 800 783 
619 786 171 329 227 864 328 433 1 2 224 215 326 211 156 677 46 992 687 271 717 885 547 645 28 906 470 813 454 622 948 425 761 472 754 988 336 435 774 689 789 998 256 116 561 412 793 960 756 833 231 473 70 778 118 98 37 940 911 843 915 212 268 676 684 374 664 20 809 438 709 599 789 965 67 350 730 212 310 486 397 541 312 467 672 782 566 61 723 829 904 638 41 172 666 725 898 330 97 60 
121 158 659 262 124 78 612 206 642 923 44 40 816 356 859 840 139 425 901 214 607 805 204 0 329 870 78 228 552 175 288 25 334 299 287 810 729 252 16 371 175 412 411 343 769 271 184 260 48 85 826 7 243 30 8 924 252 438 152 156 613 792 182 299 443 821 109 172 73 477 544 600 890 307 944 11 930 480 623 331 917 449 690 512 831 50 437 83 488 589 239 102 734 773 401 177 947 863 350 372 
340 246 973 582 905 269 945 836 101 568 519 18 17 209 883 848 260 320 283 748 261 875 202 995 0 604 525 947 819 227 672 159 473 997 94 378 266 39 566 719 960 437 89 977 647 972 178 259 292 461 7 554 688 210 901 689 166 426 988 985 653 660 496 478 657 942 209 275 334 775 994 294 213 84 623 212 56 801 471 701 615 830 607 655 392 508 344 910 287 333 895 292 345 744 771 3 686 980 278 20 
107 625 666 672 709 290 884 117 443 707 170 410 890 777 66 634 638 410 545 277 95 792 569 441 536 692 444 575 672 74 947 132 699 966 804 760 256 41 230 51 100 400 462 990 530 880 625 520 642 522 797 738 314 718 531 203 411 327 130 435 753 429 567 453 395 724 565 3 117 795 55 217 196 869 208 78 749 185 598 391 707 747 481 373 465 364 576 228 691 58 16 445 488 935 250 883 659 815 887 776 
611 294 346 159 163 906 589 264 91 187 655 150 934 489 523 751 853 452 332 897 510 348 694 998 635 944 234 647 111 473 423 74 767 121 233 930 27 822 194 118 361 201 620 647 42 496 751 248 948 83 497 810 783 191 161 770 487 395 417 598 220 193 673 987 314 258 269 342 81 815 812 794 16 433 442 411 281 545 659 229 980 156 391 763 699 552 885 186 299 303 784 519 496 457 506 810 68 127 504 501 
942 317 295 959 102 89 722 383 634 733 964 614 241 355 729 940 260 615 126 559 918 262 431 766 72 289 576 140 417 433 641 359 750 936 670 204 26 392 587 12 125 903 627 718 610 708 658 870 323 136 430 593 399 213 359 471 502 288 611 919 721 604 631 823 540 653 27 918 46 966 931 523 221 910 242 831 970 252 702 646 389 484 591 788 697 951 611 551 591 574 823 664 178 454 487 70 107 866 989 505 
184 272 381 405 534 975 236 504 227 290 502 968 774 94 108 823 397 719 375 988 645 198 652 823 4 491 894 463 709 235 969 893 507 702 650 393 677 238 249 256 529 752 225 303 846 685 127 243 757 502 583 402 52 587 578 56 430 472 871 139 59 840 384 566 894 34 311 571 272 560 180 801 664 405 457 510 442 936 105 199 790 40 602 842 627 180 250 57 4 121 548 63 314 932 981 208 318 292 132 943 
204 312 96 869 69 553 731 511 489 189 711 279 229 313 473 857 845 723 266 201 197 167 264 511 99 597 71 770 241 203 713 445 515 809 666 584 715 750 96 204 939 807 836 168 472 309 377 669 385 996 870 582 163 486 445 614 83 516 384 324 720 449 121 235 259 788 820 974 538 268 530 829 427 718 997 899 28 727 920 413 75 790 347 238 276 792 852 359 308 589 35 28 38 156 616 649 296 788 975 834 
56 506 663 483 224 13 734 604 92 654 369 167 796 716 757 72 860 961 783 169 550 818 549 941 326 165 590 623 953 566 809 9 424 825 844 0 190 578 957 282 584 326 801 380 395 558 452 255 519 587 424 422 757 326 363 84 491 953 707 797 871 868 158 647 693 3 648 883 933 957 165 518 283 966 898 678 876 703 286 396 290 62 818 48 388 533 484 232 486 543 29 710 411 187 357 105 542 357 988 476 
314 506 346 950 472 244 980 701 947 266 97 590 329 267 990 69 800 474 301 638 17 682 348 428 870 58 533 764 767 874 592 434 380 938 384 204 183 364 905 482 983 354 424 664 973 414 733 773 888 35 764 257 717 464 38 939 522 923 56 642 797 648 76 177 587 460 734 122 176 991 956 159 346 381 823 319 795 557 445 36 944 209 293 13 25 331 305 900 255 361 542 404 361 618 934 948 430 668 422 606 
659 379 118 357 760 293 29 907 202 474 943 146 35 589 512 60 920 817 960 527 530 502 932 891 472 218 192 254 886 614 213 897 993 331 607 105 624 636 13 179 462 308 325 497 897 189 909 170 358 222 49 888 76 333 780 549 551 324 803 789 938 16 687 284 699 646 389 676 282 754 855 96 63 532 945 312 722 854 482 80 76 532 321 505 865 101 54 417 777 209 558 715 578 597 999 277 243 741 953 877 
847 808 973 262 693 918 575 415 125 409 847 553 293 168 58 159 621 464 928 398 674 486 114 252 84 465 881 679 558 187 557 758 347 530 20 40 801 947 807 278 709 655 831 2 823 242 513 797 706 793 195 732 632 661 336 68 479 218 747 389 405 304 147 752 187 520 145 988 467 952 618 176 607 449 531 783 43 44 932 750 838 479 482 470 141 819 538 972 389 637 713 146 942 861 898 481 381 395 821 200 
348 439 729 307 240 260 442 284 656 374 34 846 854 868 668 347 39 558 671 428 196 384 574 138 245 825 971 978 220 792 531 920 231 260 228 471 872 670 755 528 397 141 727 251 10 395 950 49 954 621 830 150 5 404 640 251 581 611 581 802 403 112 74 634 724 302 457 596 325 213 477 74 706 204 325 716 951 275 766 905 248 596 407 253 352 47 856 934 658 438 88 413 902 162 399 627 817 857 223 494 
422 52 568 128 608 245 197 560 872 315 465 120 263 873 373 615 272 582 901 283 372 989 696 274 504 448 901 673 657 477 167 79 529 87 559 138 332 108 50 204 423 515 676 686 740 49 654 13 983 555 648 355 545 696 630 401 144 883 74 801 360 241 232 242 680 144 732 12 252 782 568 676 649 244 714 390 645 368 755 629 924 755 336 821 451 966 222 596 202 648 397 914 889 982 156 921 126 240 933 378 
22 501 406 24 97 121 766 742 489 873 723 765 628 60 586 79 378 808 675 580 456 425 495 697 407 3 618 885 596 903 615 970 756 22 994 853 495 760 948 984 633 23 750 261 83 688 693 462 497 368 394 305 145 241 355 904 597 325 789 193 581 405 163 337 427 510 543 274 270 843 258 256 866 360 869 950 49 562 764 898 283 158 555 428 752 262 333 349 588 474 542 169 879 57 858 658 567 401 932 190 
244 543 798 111 903 667 413 304 582 529 554 865 39 462 645 791 724 978 140 312 805 34 833 684 444 692 343 11 445 627 553 690 170 703 153 426 371 918 82 953 447 637 170 486 99 815 278 823 146 770 488 951 805 321 635 249 365 330 612 811 958 518 853 480 221 358 906 944 628 989 249 75 978 419 913 429 587 191 252 733 314 92 36 471 766 23 720 483 354 684 294 664 554 499 144 128 209 403 72 837 
744 322 912 722 93 826 151 680 369 755 765 35 848 801 506 966 825 578 449 531 263 96 547 169 595 691 297 157 446 370 994 190 44 259 264 489 437 415 522 158 523 287 194 371 441 700 689 266 279 138 149 894 234 696 63 182 739 361 691 186 83 685 728 479 944 993 968 381 408 842 892 931 482 86 654 923 786 343 541 65 834 690 959 420 386 375 954 125 736 645 663 171 331 392 650 627 385 970 361 145 
165 253 429 647 691 83 570 477 779 111 895 965 801 854 385 539 581 692 664 317 689 680 840 372 72 490 0 457 813 713 602 978 318 31 625 9 467 547 486 598 658 733 563 811 940 300 350 521 344 366 839 34 46 679 406 118 522 406 927 687 471 882 17 789 265 994 798 84 541 637 682 551 370 597 714 310 898 64 832 242 782 23 276 181 54 683 651 928 441 579 615 265 813 984 54 78 978 205 515 871 
194 197 422 564 147 488 227 397 552 411 639 687 786 268 868 192 303 519 121 96 450 88 361 263 73 416 694 403 973 561 275 167 110 49 83 257 538 662 654 442 73 646 129 211 914 349 404 569 221 877 665 671 965 27 287 38 795 333 794 120 894 69 287 4 470 370 262 8 385 916 451 810 914 932 22 828 634 778 749 855 655 415 878 620 794 165 11 941 850 805 61 744 226 348 101 696 70 363 705 455 
631 508 618 546 792 640 726 778 418 476 633 73 243 864 45 37 381 56 330 232 213 391 328 439 91 429 488 513 144 545 321 776 405 939 674 197 579 752 328 349 228 313 774 471 177 819 860 559 228 190 143 441 933 471 233 24 901 721 538 45 266 211 173 671 150 199 220 81 952 548 430 180 862 556 4 391 375 864 302 955 407 445 397 340 917 982 365 170 703 255 567 321 466 93 992 616 292 564 49 244 
465 831 777 327 387 133 70 762 349 373 718 756 818 467 449 87 449 814 257 504 421 177 825 239 270 817 207 914 733 256 511 198 87 640 877 474 773 948 588 122 321 658 231 139 477 680 227 926 846 836 782 619 365 607 858 987 776 65 902 510 673 765 708 760 405 586 586 530 534 526 4 855 185 235 346 662 267 925 941 465 762 723 84 127 683 294 115 459 359 369 969 384 134 30 144 891 616 82 421 502 
609 425 709 794 13 55 808 280 981 101 98 95 177 182 222 860 477 689 319 188 410 641 573 544 671 69 435 639 152 856 141 761 634 850 907 647 905 67 279 238 521 377 333 698 912 908 910 389 597 581 929 360 574 502 904 245 924 692 236 76 900 377 189 534 579 448 533 837 867 813 75 388 542 409 438 454 317 700 843 266 634 125 626 208 979 883 806 903 575 42 331 827 420 520 714 351 320 247 188 188 
412 264 928 955 673 719 409 342 419 605 960 53 82 587 262 61 822 68 965 397 462 296 576 234 169 290 586 489 890 774 29 302 38 958 609 63 677 371 757 448 328 718 502 410 657 116 471 479 536 436 228 998 85 804 233 254 447 819 95 337 593 125 991 984 435 601 399 464 972 157 912 300 227 766 62 884 882 533 363 770 322 591 769 407 747 2 13 194 173 108 883 118 585 875 102 20 476 502 836 800 
11 749 452 238 867 514 122 750 47 837 520 721 780 641 128 527 995 141 74 168 602 957 287 187 832 741 208 660 595 44 460 606 145 264 196 13 778 670 115 178 507 987 251 287 629 380 167 976 873 241 145 475 198 784 663 383 525 223 43 121 619 856 79 765 472 276 130 251 298 245 781 806 584 32 445 565 764 612 542 638 853 687 465 404 471 128 787 348 703 182 821 323 390 901 440 863 529 570 466 827 
167 247 985 751 631 431 317 748 395 859 386 601 898 203 357 721 684 496 69 387 678 891 710 421 144 502 284 25 72 750 204 591 349 190 343 332 973 12 80 720 223 818 321 121 22 678 194 706 174 263 445 205 506 508 626 2 10 910 27 83 12 584 674 361 774 369 693 99 733 126 819 956 944 493 429 966 171 623 24 698 239 470 255 97 978 881 100 988 143 479 423 507 63 450 220 189 819 265 640 905 
391 460 861 336 305 643 302 476 266 327 526 857 149 781 955 127 14 407 115 509 238 539 16 654 989 236 195 160 502 836 65 893 648 279 581 953 922 884 781 540 563 660 398 712 441 705 191 808 464 306 317 702 197 334 356 186 922 552 699 776 740 764 670 388 395 603 693 317 839 826 210 402 486 960 466 280 665 657 88 129 316 757 183 513 91 892 700 366 796 751 142 536 515 164 276 911 768 321 580 607 
147 790 362 634 750 180 266 767 190 354 248 506 111 432 19 555 324 71 273 472 822 415 360 690 580 636 953 700 309 533 307 456 676 21 442 426 202 708 194 392 414 794 898 526 226 269 433 902 693 706 726 515 121 86 557 53 722 510 105 31 396 413 840 72 786 634 498 988 343 44 732 109 839 982 635 417 252 420 672 945 126 398 812 600 485 722 5 559 232 111 943 628 876 783 52 662 769 551 3 464 
947 735 574 138 718 209 908 322 982 580 619 460 330 783 60 815 505 418 727 90 881 670 70 757 805 123 771 574 674 126 39 973 214 613 464 284 174 372 606 156 304 577 617 634 360 29 802 218 799 529 308 680 199 378 789 4 501 913 930 527 39 969 853 253 934 317 537 109 41 495 617 345 72 586 979 785 968 781 355 767 310 15 800 509 745 589 865 599 502 796 126 542 117 331 147 52 648 685 513 689 
532 482 386 957 421 366 94 741 499 449 508 810 816 308 671 561 250 889 160 752 37 639 646 154 322 794 558 971 831 423 12 715 258 751 672 679 117 766 420 616 567 280 778 383 941 802 297 191 691 809 295 728 448 942 234 771 88 145 94 271 568 458 986 178 209 11 857 678 129 629 647 697 262 777 432 203 579 81 746 622 891 41 702 691 335 937 462 423 434 908 46 2 719 33 181 280 44 390 959 525 
372 958 222 986 735 7 541 667 88 287 289 979 680 992 23 16 281 485 791 715 746 838 69 817 223 602 97 619 345 408 144 69 718 719 55 454 78 596 121 166 235 762 498 915 754 521 283 387 358 75 454 456 265 524 273 840 478 723 811 823 483 307 892 202 26 299 656 104 895 129 623 482 891 121 398 646 994 681 385 704 108 840 161 725 716 786 917 194 509 728 370 993 36 614 547 414 914 203 871 161 
332 494 644 223 967 394 221 313 427 959 17 888 799 178 965 515 317 883 61 178 963 431 523 351 46 70 118 312 273 989 825 957 483 469 533 802 215 106 115 643 65 132 531 864 663 496 731 332 731 793 510 695 576 34 46 974 104 516 286 730 505 112 687 340 933 572 142 149 679 257 144 744 742 675 961 757 523 44 89 255 837 599 302 766 633 700 740 90 217 27 820 722 491 859 63 776 432 557 925 111 
