100,100
131 383 245 844 773 733 717 913 182 326 292 252 571 341 214 867 481 504 8 41 237 915 239 240 768 417 379 752 319 431 346 802 166 944 998 939 29 716 205 564 42 497 816 613 839 31 480 320 535 840 713 124 107 952 364 228 721 95 980 41 527 679 843 45 623 842 985 652 558 190 568 600 687 385 566 526 768 398 199 655 591 912 779 698 217 143 278 938 238 259 331 117 290 175 163 913 369 500 917 279 
690 486 231 377 223 797 256 991 196 807 998 787 71 777 837 288 272 116 579 862 727 910 980 17 437 495 282 158 995 551 437 37 389 669 766 964 466 22 307 14 181 305 153 253 82 343 893 354 459 472 217 538 735 549 555 524 396 189 683 743 92 120 780 482 789 546 446 608 921 754 974 102 411 480 355 846 823 601 200 282 73 769 172 160 670 79 685 418 268 368 161 360 840 293 194 982 840 993 942 113 
99 916 215 510 396 923 356 219 524 909 853 949 30 377 110 53 456 147 471 76 867 633 789 707 926 983 41 118 328 983 231 427 900 799 290 648 74 998 220 950 259 425 899 290 803 361 343 259 860 166 336 727 799 125 787 78 460 828 548 789 164 780 568 64 931 210 64 5 561 284 307 820 62 206 462 865 920 157 476 780 324 812 860 123 289 647 553 102 827 102 243 991 234 811 407 165 374 824 522 935 
108 181 755 522 387 570 387 659 727 864 440 51 28 300 527 670 299 80 772 478 182 15 470 768 178 229 933 904 53 807 839 514 988 947 36 728 517 776 387 596 992 179 648 20 831 175 42 482 255 166 961 790 181 783 558 712 364 844 616 418 3 808 284 344 755 320 72 624 448 811 220 440 343 868 813 174 395 855 9 651 22 322 793 555 105 351 267 469 547 236 239 551 44 875 895 151 548 319 127 996 
482 347 437 825 568 250 352 315 457 361 318 831 683 111 387 140 815 6 961 362 594 553 913 638 428 808 789 976 479 268 973 962 616 762 787 536 364 491 851 173 204 170 5 887 281 744 379 96 102 693 811 697 246 724 687 674 885 477 3 364 97 328 326 713 90 466 601 806 309 453 979 514 975 336 753 256 80 133 705 535 826 516 232 424 592 919 98 477 748 453 194 846 781 872 911 223 338 513 29 648 
318 361 514 293 697 267 901 778 752 606 313 578 474 897 354 419 816 453 896 917 258 90 763 40 963 674 263 653 539 645 653 857 6 167 150 703 435 52 833 539 10 498 470 485 395 824 904 564 629 152 481 888 595 596 280 910 622 543 563 162 540 569 19 898 736 170 602 523 574 787 63 584 638 533 421 33 357 677 949 987 830 782 227 777 378 507 687 1 402 250 163 943 171 534 841 908 56 795 783 630 
935 198 215 573 83 988 606 793 666 908 132 848 690 359 625 421 866 312 422 268 914 937 563 86 823 757 346 880 904 129 510 839 680 77 412 763 66 371 556 84 279 40 932 321 399 557 742 617 869 516 238 135 805 153 221 629 910 919 509 815 401 371 6 81 449 419 844 867 142 753 951 773 793 883 94 545 792 189 514 13 705 752 148 511 906 722 140 168 641 1 335 42 372 342 123 173 113 320 40 255 
425 343 28 570 578 122 115 370 663 630 383 369 734 532 232 640 606 372 161 247 725 496 290 97 838 765 623 951 437 15 558 862 359 586 433 937 61 900 660 724 882 43 445 617 927 677 609 533 401 770 781 126 619 423 576 457 540 199 761 978 214 319 840 925 906 625 215 319 878 875 43 760 918 841 729 846 518 691 731 920 813 512 398 432 287 326 890 828 525 3 806 92 322 998 17 580 976 232 251 854 
107 295 614 378 488 696 576 6 387 307 278 200 172 29 633 811 355 875 639 881 878 797 325 552 148 342 485 124 927 736 978 386 383 944 764 871 640 692 230 27 0 508 228 524 537 213 335 245 88 327 126 318 124 451 222 624 145 59 748 72 148 726 459 531 671 575 755 311 268 337 691 620 197 271 496 87 484 183 332 924 510 810 594 987 261 168 611 758 228 360 183 376 438 994 259 109 569 366 773 189 
703 816 161 901 87 657 988 923 193 672 199 703 482 145 42 95 313 654 853 541 366 36 917 804 30 177 266 952 543 391 141 599 207 655 500 646 664 840 569 857 512 120 913 994 265 955 89 578 609 294 120 327 331 389 132 713 918 750 665 814 141 159 413 348 814 265 346 830 457 267 688 969 387 601 315 4 556 756 582 518 50 54 845 733 796 329 447 714 79 112 528 572 623 293 272 437 558 618 620 15 
885 308 336 624 261 651 628 817 759 563 687 810 969 533 895 765 214 342 832 294 807 712 866 430 6 139 220 916 109 840 932 995 500 620 619 761 624 600 930 383 163 618 545 484 503 441 602 717 783 434 363 942 146 582 725 152 73 297 69 534 489 353 529 989 973 501 102 597 453 32 333 968 650 878 452 505 319 54 575 455 488 290 749 987 872 474 491 297 123 912 832 612 265 713 953 591 566 55 540 19 
88 873 987 90 752 440 596 423 494 523 230 335 813 980 322 38 806 165 335 930 78 519 542 695 585 848 286 151 903 827 171 343 52 158 434 804 950 382 580 797 905 810 132 70 142 806 108 949 971 796 879 401 315 773 97 252 621 383 404 525 562 575 220 615 85 654 771 388 388 703 185 293 514 317 364 656 475 824 605 798 620 836 200 288 610 297 540 583 32 296 460 595 223 681 562 309 687 685 697 76 
389 234 721 903 903 85 911 378 262 869 528 882 705 728 522 667 377 63 603 410 359 63 357 583 96 919 244 784 604 293 860 345 527 581 248 430 19 512 160 281 381 688 163 86 417 686 106 794 101 709 556 812 772 913 747 869 184 343 5 141 636 865 486 515 446 87 945 817 599 105 98 980 146 614 418 915 652 524 61 753 233 618 917 358 883 665 579 68 8 584 561 997 801 47 512 599 134 810 417 733 
267 515 65 413 129 484 328 133 360 390 238 946 360 156 304 243 173 235 663 181 171 224 530 324 624 43 923 110 853 340 844 120 208 261 886 689 745 214 823 458 956 61 404 316 569 60 560 742 295 575 276 818 800 806 494 776 849 417 886 54 110 82 175 318 344 413 359 441 627 534 899 936 948 303 252 517 363 164 260 10 740 536 180 892 342 674 668 544 444 554 598 554 637 125 224 333 538 935 774 518 
470 26 454 418 329 706 935 45 223 547 407 315 435 588 207 130 614 227 674 58 133 272 964 122 750 188 455 288 124 582 806 946 608 260 364 937 319 651 334 894 551 742 209 986 682 768 116 296 347 142 707 480 767 671 603 517 212 410 805 688 992 964 634 600 576 350 890 247 1 224 141 904 966 350 891 0 470 359 649 817 502 356 298 621 379 253 138 591 663 295 631 8 611 265 608 188 615 498 435 969 
723 577 873 41 279 764 42 750 476 43 919 330 399 569 951 130 822 441 74 838 736 705 846 348 971 806 888 586 305 323 555 380 252 781 773 884 545 167 986 373 210 905 703 961 475 6 92 649 447 166 839 536 871 685 236 194 844 124 133 149 799 40 881 404 821 6 288 719 526 626 92 88 883 148 50 710 154 494 360 954 12 199 490 235 237 78 430 81 202 563 582 1 603 815 757 425 821 45 144 699 
23 588 788 907 736 190 617 891 684 329 197 696 529 39 931 118 117 713 551 319 276 133 672 232 948 430 657 121 827 153 173 851 741 961 758 478 151 727 721 187 57 918 883 938 957 166 408 426 880 959 745 508 92 769 740 392 199 749 865 379 902 38 230 644 999 340 474 502 67 547 689 476 465 924 414 774 91 822 552 323 781 297 183 225 418 924 617 970 673 483 349 576 873 931 572 873 271 398 375 690 
945 417 167 762 341 933 888 784 108 440 107 241 89 643 467 507 567 436 477 592 271 826 520 145 757 444 370 380 842 97 71 787 514 590 549 208 875 437 992 983 229 452 577 318 95 396 826 14 832 655 606 456 482 127 953 591 571 323 324 766 420 747 553 287 337 455 495 564 244 487 900 474 291 477 792 386 873 970 400 57 626 359 513 108 486 466 51 409 141 375 175 914 474 81 201 811 536 48 728 780 
887 628 606 179 105 399 917 330 369 670 739 347 29 253 807 867 71 859 276 565 586 804 479 61 885 32 224 773 80 952 553 319 580 512 850 37 911 768 719 632 438 459 980 467 712 787 334 135 998 962 700 937 766 531 350 3 563 574 776 995 879 682 667 811 194 517 849 457 637 568 441 75 27 773 894 91 561 580 579 911 543 631 848 661 163 550 665 78 125 793 426 356 827 445 167 21 962 16 830 952 
937 272 27 316 45 274 760 958 854 339 222 749 322 422 411 485 973 428 916 98 573 694 806 401 139 973 774 453 342 605 405 279 229 785 947 626 411 707 585 265 398 807 367 721 229 130 558 202 910 826 652 483 520 458 236 11 784 11 817 126 968 574 757 549 359 704 175 770 764 112 388 162 919 755 235 501 885 794 55 795 620 60 630 141 870 867 504 654 230 321 132 550 896 889 451 607 946 626 730 62 
739 118 576 10 225 812 863 110 606 271 257 226 331 239 719 553 458 576 560 688 897 692 590 145 934 41 753 232 20 483 294 111 953 870 121 178 682 337 640 640 608 249 219 291 488 938 844 947 514 756 987 764 449 930 909 383 971 14 615 991 849 261 454 802 131 576 332 166 265 972 158 873 573 377 516 62 316 712 361 182 469 348 298 918 278 208 653 602 574 620 945 776 881 400 578 364 328 263 882 593 
587 41 818 161 418 686 575 86 398 936 269 867 636 567 137 915 127 790 869 54 762 814 830 643 566 760 360 894 23 242 839 611 283 9 124 702 695 699 788 446 635 409 313 271 329 803 538 808 593 407 862 708 574 692 703 140 805 63 387 180 306 578 143 941 588 267 995 635 966 136 81 953 545 747 577 226 550 115 35 495 875 897 203 801 942 907 293 747 322 32 279 628 611 423 922 551 690 917 186 9 
53 620 962 951 367 539 177 269 7 212 764 234 462 968 387 404 227 680 503 549 65 782 530 676 205 452 579 248 721 117 257 127 737 571 78 456 463 607 725 822 172 490 408 634 810 795 390 389 827 893 938 892 27 820 920 585 624 499 833 346 617 442 825 706 13 903 163 828 862 240 650 34 82 58 668 892 205 410 633 33 655 572 277 683 744 198 620 369 49 805 715 18 247 892 725 612 147 240 441 9 
480 443 396 915 502 416 159 707 827 793 92 482 717 370 165 461 568 137 830 969 942 897 988 189 789 713 154 936 305 595 298 137 38 694 52 892 110 212 952 937 5 44 420 722 414 937 535 334 427 366 304 369 615 292 911 757 357 65 693 662 12 991 151 402 37 204 295 148 768 247 437 125 291 209 199 58 499 734 392 926 452 696 295 420 988 206 177 697 623 870 359 635 214 863 38 603 419 685 751 187 
932 189 664 575 398 863 985 897 949 378 175 754 426 471 174 767 29 351 464 653 573 176 288 139 39 678 743 458 363 494 997 647 35 661 575 786 876 560 35 177 290 211 931 717 34 457 484 63 808 948 716 734 124 357 873 515 35 616 973 751 463 322 398 850 983 973 988 211 534 24 389 824 587 672 893 621 130 377 36 290 678 105 24 154 462 250 670 849 866 995 600 681 318 999 884 653 324 872 865 210 
248 606 35 187 278 280 160 760 658 197 51 688 302 427 842 116 677 512 965 896 860 918 577 178 917 813 831 593 38 48 804 286 6 191 826 637 471 986 397 481 183 800 169 837 228 12 953 905 876 271 801 736 189 731 266 458 896 98 51 934 498 855 573 505 46 399 142 518 385 539 999 921 692 521 110 920 533 64 825 761 687 979 498 876 62 764 334 958 214 385 893 713 593 466 570 639 865 712 509 602 
603 509 875 295 30 986 215 915 402 393 676 89 724 526 965 786 643 651 744 857 36 637 922 981 103 492 621 320 556 130 923 160 991 798 807 373 784 375 640 538 768 669 627 492 195 592 630 838 595 374 48 984 12 970 965 467 815 586 788 371 69 63 883 412 213 691 786 350 66 778 888 186 447 516 30 643 460 660 833 56 34 881 392 398 204 357 866 19 296 6 390 365 421 626 777 634 317 915 336 735 
46 225 273 493 93 303 136 905 963 322 313 349 203 705 748 407 63 966 778 359 324 169 76 745 795 205 731 464 473 68 551 519 645 824 12 738 127 501 995 442 175 309 791 378 14 891 138 429 209 916 788 533 437 216 630 584 774 714 400 247 134 951 118 779 775 482 869 902 335 864 696 510 173 488 889 540 731 379 969 293 647 110 826 437 326 809 21 452 875 422 51 9 725 169 140 501 652 9 403 987 
225 100 498 751 940 739 291 23 470 612 316 117 722 495 906 401 656 928 853 531 702 905 540 427 426 32 928 78 41 684 418 618 136 268 369 428 359 12 451 829 625 120 298 347 615 205 100 271 485 306 154 187 211 46 966 989 78 247 68 471 931 838 89 419 106 811 199 465 823 2 646 800 122 944 500 89 501 600 712 986 906 866 173 469 912 492 459 342 739 879 813 22 717 903 793 175 66 992 992 889 
994 638 42 117 934 542 558 436 494 271 422 401 137 948 222 402 792 681 744 531 912 558 553 981 813 346 508 879 690 500 120 684 490 162 153 777 704 712 213 199 983 987 952 472 287 174 874 79 208 971 962 120 881 515 454 694 213 962 573 903 463 45 940 305 208 93 82 264 805 647 463 140 635 767 613 274 942 839 706 502 162 668 622 43 536 76 89 749 39 14 5 854 60 945 159 268 390 594 532 196 
241 348 688 876 115 653 503 409 845 209 911 7 877 886 403 765 314 492 515 705 507 872 911 567 169 71 187 559 665 71 107 258 419 796 135 887 801 990 296 646 199 560 6 428 446 409 194 112 253 61 818 112 285 81 31 454 152 218 13 169 642 121 428 61 269 915 948 70 257 597 69 456 157 75 236 955 836 782 419 441 843 589 554 480 671 937 934 823 508 948 345 150 421 125 211 42 392 512 464 649 
461 533 457 970 960 45 277 148 828 696 590 23 286 496 504 957 433 438 132 941 738 829 91 511 306 655 553 698 519 18 699 332 903 156 302 864 202 931 12 382 627 602 405 265 450 909 222 236 700 707 177 790 536 621 302 843 628 207 893 499 225 593 831 481 101 485 345 655 416 357 37 43 312 795 309 114 56 883 350 756 590 528 547 479 501 201 674 481 408 919 980 986 864 811 467 318 648 164 973 64 
873 363 459 185 158 768 300 566 4 2 675 946 530 574 425 383 775 451 864 535 371 196 521 235 359 340 553 7 504 879 71 378 594 531 915 104 651 567 670 655 570 345 954 452 919 379 188 694 183 404 582 906 601 103 141 312 796 47 320 652 278 743 382 872 626 650 976 278 217 646 285 139 344 239 592 263 971 132 310 154 536 892 60 489 347 553 802 495 952 122 148 582 217 882 454 844 532 782 122 750 
781 759 241 125 351 185 740 322 317 50 828 206 294 240 695 642 145 497 489 98 971 637 32 541 520 839 385 404 621 859 154 754 618 748 231 969 933 972 643 603 374 471 809 669 711 504 663 209 354 152 659 325 142 691 866 14 530 603 418 504 462 925 258 433 673 490 402 606 462 398 209 188 869 370 857 933 875 872 142 229 377 153 906 519 844 125 533 375 728 951 879 543 876 489 976 901 979 730 860 793 
128 421 982 350 792 191 635 667 416 129 248 793 282 154 312 126 631 845 853 712 148 84 255 377 574 583 278 905 665 138 51 146 560 385 496 352 576 483 19 992 612 619 137 246 773 449 372 757 646 578 469 795 14 76 172 940 11 802 846 676 941 249 822 501 634 670 205 562 153 576 555 765 195 692 11 320 494 736 77 140 666 898 287 680 974 811 621 337 614 819 14 907 420 836 408 54 507 965 616 12 
541 523 130 736 568 141 408 62 229 486 554 247 736 194 928 63 5 901 400 971 72 414 878 492 603 638 898 462 603 514 474 496 390 604 232 958 98 993 372 327 479 926 927 215 472 855 278 478 108 31 801 532 445 680 376 48 670 274 510 626 788 337 122 530 941 707 488 39 700 860 719 531 139 646 746 611 853 377 441 313 408 595 845 205 627 221 606 297 847 116 923 987 453 46 518 747 105 6 786 805 
219 857 336 358 855 434 321 708 163 115 21 923 710 218 129 337 791 735 986 638 203 910 626 9 308 144 756 413 502 894 218 721 752 554 431 959 340 105 668 504 572 41 427 282 612 556 971 403 643 957 42 847 219 20 856 527 516 964 940 370 858 510 444 962 416 875 922 757 332 942 613 904 335 40 538 947 949 509 351 944 819 745 791 38 117 999 566 633 963 858 355 174 369 799 488 137 27 762 894 359 
704 507 616 40 900 154 339 201 16 690 145 835 787 937 873 904 288 791 889 604 2 597 778 371 396 618 508 423 381 755 135 437 614 751 477 514 905 169 67 273 211 213 108 999 502 334 255 790 125 497 394 127 94 524 850 842 143 711 266 524 818 753 961 432 504 791 299 761 312 366 35 523 931 143 874 433 829 130 224 955 979 970 434 73 847 637 915 990 348 533 866 518 286 179 950 142 322 601 904 634 
320 291 510 251 786 384 685 616 514 261 923 845 231 357 918 430 994 186 772 694 71 990 212 358 170 515 852 844 116 108 831 436 399 341 40 186 77 725 802 944 986 725 789 569 434 708 0 781 246 124 827 317 115 392 27 637 907 880 481 375 988 664 164 740 357 204 926 435 929 80 379 267 157 168 836 943 228 188 724 474 313 552 144 780 944 523 417 203 755 250 578 744 915 94 836 624 298 114 59 579 
194 790 846 703 311 35 646 539 223 371 366 888 275 862 668 571 385 85 126 141 688 56 237 603 151 73 579 449 187 639 29 733 781 227 788 92 262 434 984 838 157 702 78 784 564 747 355 301 184 833 442 872 890 679 827 393 104 407 842 643 398 223 728 531 803 516 976 65 951 960 903 108 14 982 245 930 81 952 231 617 786 674 490 28 705 669 421 162 76 615 805 826 191 886 358 994 402 334 59 705 
646 315 814 660 649 411 942 730 363 173 699 149 847 541 177 905 211 598 67 639 214 224 466 405 110 176 751 865 862 810 570 860 477 736 520 126 147 814 208 511 987 908 660 187 449 190 92 660 140 511 652 706 87 470 111 550 998 862 415 860 25 337 720 502 74 592 981 573 406 189 84 393 449 97 932 899 639 24 911 779 887 915 486 327 385 949 877 383 164 644 595 189 333 315 43 407 259 376 333 17 
566 417 411 367 866 695 618 505 720 882 637 959 797 123 286 535 424 515 918 588 511 866 129 845 533 525 604 793 901 937 810 819 707 573 187 925 269 805 783 341 687 420 652 485 895 291 20 671 158 290 260 670 156 389 867 690 266 823 835 168 113 997 987 820 571 174 97 192 332 880 885 19 652 537 856 899 828 228 571 987 871 183 9 27 924 228 69 191 51 256 359 164 254 346 336 825 873 434 369 205 
666 254 576 671 791 785 570 972 13 493 311 884 676 320 264 601 548 685 792 951 942 503 116 196 849 452 373 74 238 742 631 257 996 560 280 139 345 850 111 710 696 422 947 372 94 211 325 642 896 469 594 838 972 62 386 174 866 759 248 457 501 232 714 849 792 994 989 489 196 100 199 244 875 146 969 969 709 294 964 958 764 910 148 736 972 535 910 190 294 511 647 796 743 713 645 887 59 986 376 256 
439 927 852 314 426 821 635 487 116 599 445 232 509 594 320 833 129 583 24 775 94 23 923 189 737 921 428 796 907 156 404 346 83 257 12 861 430 648 349 898 247 794 130 109 740 803 294 221 386 670 997 832 694 920 373 431 841 801 579 101 957 336 447 392 945 460 606 375 108 955 274 707 101 756 168 194 559 815 415 945 485 764 129 179 685 502 962 878 655 894 979 612 230 427 357 175 239 963 902 699 
270 176 758 723 285 279 917 844 94 333 142 579 97 271 111 134 126 73 13 781 319 344 746 549 123 455 76 362 418 979 413 40 507 172 763 792 451 681 989 545 366 131 476 815 754 587 302 232 661 667 366 980 11 112 882 135 567 310 849 337 641 263 729 149 435 492 293 238 525 282 135 243 765 611 59 872 199 361 456 212 28 822 544 391 934 778 526 853 89 376 542 730 991 271 231 778 764 877 16 641 
511 151 885 629 114 944 501 313 657 309 877 37 132 422 428 418 200 955 272 289 683 814 372 674 438 603 452 202 832 820 195 344 323 80 973 437 376 826 103 33 135 980 422 267 402 851 686 603 158 310 244 841 476 616 867 914 572 319 468 404 491 664 100 814 744 73 251 121 899 354 506 35 335 929 654 737 132 340 692 290 2 289 483 479 905 350 393 829 21 862 586 512 878 686 678 622 760 929 95 11 
636 602 398 323 883 53 412 15 745 105 657 748 394 140 579 651 842 324 833 215 186 419 79 64 105 757 39 217 38 134 581 674 88 979 997 971 384 410 338 482 867 995 582 613 135 161 616 329 485 449 544 24 868 623 440 326 732 831 895 771 966 476 797 406 808 795 378 544 557 68 26 776 64 608 741 551 121 357 881 959 807 777 983 27 401 775 353 485 607 601 256 925 429 54 331 237 201 61 134 110 
130 160 238 194 121 979 745 594 336 978 553 495 108 536 523 509 664 228 346 271 829 603 196 259 657 879 848 210 941 334 320 71 495 558 265 968 889 362 562 225 693 468 721 801 4 596 662 20 824 8 291 654 963 839 265 972 719 465 182 660 800 854 83 647 412 700 615 301 62 529 879 107 997 952 260 354 548 922 726 372 283 18 378 246 209 643 219 280 109 753 940 909 608 375 908 20 75 875 674 138 
756 905 597 754 857 858 460 405 132 186 777 767 556 156 366 118 151 585 398 260 338 339 521 946 714 429 319 142 656 345 632 413 250 229 519 107 439 979 512 924 517 641 691 426 149 57 544 301 994 942 913 685 633 435 983 700 216 654 842 225 999 474 638 601 55 157 708 495 488 572 419 357 214 462 783 715 520 679 16 514 622 930 551 607 717 535 307 285 189 501 510 189 975 148 790 31 657 851 878 145 
775 297 503 341 111 638 57 631 318 73 498 292 3 49 899 72 936 559 358 126 60 220 667 388 369 809 771 26 660 649 524 436 298 379 777 409 17 186 393 687 260 243 331 615 292 583 688 229 142 398 707 554 618 374 294 339 535 65 718 196 66 242 984 716 621 113 478 990 300 871 30 912 114 361 527 758 944 567 339 438 317 398 345 936 772 639 627 308 57 345 856 123 587 192 192 560 305 670 903 957 
541 933 869 7 646 749 117 943 668 809 381 986 207 726 274 980 718 901 640 775 247 848 250 186 40 442 747 697 112 2 7 5 935 228 364 933 329 834 876 998 643 258 336 850 336 962 830 406 863 822 533 462 22 784 649 62 578 748 112 43 102 119 400 37 699 765 970 29 599 199 379 242 457 715 92 145 29 275 904 892 449 437 707 472 221 356 886 152 456 998 195 558 469 595 947 521 712 269 550 663 
468 281 905 277 348 350 775 377 977 679 621 778 116 328 250 690 36 489 842 492 839 389 402 661 984 701 182 49 971 84 712 791 365 970 69 713 320 196 442 649 875 63 427 343 392 30 33 428 519 227 273 358 616 27 19 601 729 553 650 52 637 714 843 354 684 264 419 4 460 861 5 687 925 785 31 669 815 64 97 686 644 722 396 260 750 416 213 479 321 215 531 959 930 726 313 614 991 85 971 803 
946 976 491 223 113 874 892 928 938 342 614 934 64 363 195 814 131 760 293 452 976 176 411 906 903 77 872 246 514 195 49 460 524 892 684 637 766 928 566 57 270 532 991 335 895 538 501 26 299 795 479 275 323 242 533 226 671 757 824 185 953 226 998 477 118 34 114 885 962 32 294 585 565 285 920 812 176 421 191 475 568 670 102 892 264 987 470 288 744 295 825 697 521 823 174 991 209 641 228 172 
673 522 757 590 160 29 403 688 802 594 163 723 616 265 967 232 252 437 520 348 84 698 46 957 873 572 301 83 213 529 607 239 404 716 829 916 745 232 604 899 826 767 622 794 384 589 27 988 379 899 336 463 597 734 773 823 307 74 906 872 955 513 111 711 229 941 627 326 525 231 577 704 350 200 498 86 141 877 426 520 777 763 336 726 849 461 549 156 887 455 381 842 320 844 554 901 785 181 579 663 
765 157 367 467 357 865 906 850 743 332 371 872 447 59 598 297 520 500 805 407 307 186 249 628 31 155 881 168 689 461 831 806 970 198 273 679 416 179 529 511 512 900 383 959 959 333 608 479 185 414 238 493 600 488 473 983 995 354 504 684 167 335 490 137 886 116 816 654 295 346 165 159 598 900 471 910 585 79 741 771 493 980 264 446 820 737 781 815 443 285 852 611 973 342 748 859 810 917 513 106 
615 30 617 213 930 440 475 867 872 217 638 717 197 254 163 369 991 297 536 435 582 388 398 555 83 498 766 893 415 631 351 382 661 969 596 943 761 71 811 633 640 801 351 189 56 866 558 47 163 95 834 98 835 584 5 918 83 772 812 850 755 163 233 769 484 181 712 246 604 875 231 245 677 582 434 733 801 345 132 964 792 319 62 627 903 420 546 338 192 358 189 299 873 422 68 358 603 133 956 207 
8 539 804 37 474 591 122 275 936 607 591 728 926 6 707 181 426 253 520 618 963 61 269 837 835 338 547 438 471 855 997 831 394 154 221 868 745 343 495 681 950 87 761 228 93 468 762 519 74 634 489 37 695 758 226 530 448 125 320 271 980 669 103 727 823 324 947 568 19 443 601 322 530 714 550 975 183 664 494 257 298 983 646 345 93 225 875 542 350 547 813 683 217 268 762 392 944 709 961 964 
504 914 286 34 629 188 361 164 205 855 773 503 190 419 849 284 644 76 178 347 624 343 382 193 612 144 585 556 205 898 872 710 165 510 96 794 51 458 310 256 313 83 111 856 502 312 140 499 389 670 198 365 13 580 910 977 76 847 534 281 746 758 991 911 269 88 57 672 898 367 928 563 450 39 419 304 704 911 155 445 581 705 810 947 285 72 924 713 919 810 995 17 569 986 280 190 426 337 862 676 
56 142 240 858 181 659 515 237 923 670 682 504 376 844 803 13 916 728 79 188 538 74 205 459 412 486 1 191 175 215 867 232 357 107 442 891 119 957 128 42 628 811 898 356 655 702 721 924 782 800 112 672 226 317 132 639 803 485 830 979 701 49 563 58 509 5 301 628 963 430 22 943 593 920 651 248 974 724 524 756 877 636 429 103 954 913 94 109 398 276 440 451 326 355 862 835 361 163 815 676 
945 837 971 538 757 622 139 84 698 663 840 927 300 269 31 606 534 477 715 933 754 508 736 432 863 598 619 576 762 434 252 59 623 223 598 732 197 89 816 248 104 657 175 756 278 558 362 813 36 430 98 142 938 834 926 153 433 545 730 547 331 982 606 954 558 556 686 107 997 503 355 102 160 883 858 438 441 221 251 829 3 701 323 293 536 249 446 321 794 176 868 125 511 826 79 421 735 118 528 732 
621 236 186 781 119 45 571 912 618 175 742 973 876 65 266 764 667 64 85 461 593 305 939 104 132 370 877 219 488 757 303 109 993 490 242 464 887 166 377 857 341 471 830 569 888 96 334 555 160 419 369 105 725 308 561 209 678 438 780 167 196 83 628 189 925 223 654 812 389 383 669 82 854 499 651 94 947 337 650 460 109 19 565 834 679 127 395 357 565 175 876 113 610 857 655 536 80 661 700 821 
44 722 903 250 573 906 344 521 596 346 333 705 717 898 891 396 377 286 106 295 813 982 408 423 191 63 311 271 724 12 92 120 734 347 370 307 606 67 180 202 413 513 907 483 764 798 879 493 436 985 788 249 320 197 672 511 612 336 135 337 348 579 809 434 279 180 93 885 599 274 87 364 139 346 847 255 496 79 749 932 64 889 533 736 438 205 600 51 541 735 740 241 314 549 27 593 81 121 830 680 
747 917 45 238 615 244 494 463 323 595 395 388 484 928 476 923 486 76 326 379 811 66 973 478 967 0 71 49 121 254 81 868 171 126 459 139 371 953 602 46 900 350 786 736 278 263 11 116 339 337 848 503 755 821 333 723 821 756 124 295 10 205 163 534 684 622 673 407 927 627 453 179 977 240 916 608 855 927 76 546 617 924 49 372 745 382 447 919 491 571 214 501 129 729 35 813 704 708 572 983 
688 25 163 665 617 431 625 472 710 702 19 327 978 420 700 724 155 147 643 646 71 209 147 200 938 183 365 642 243 937 978 283 314 141 301 932 572 926 756 282 980 775 962 959 548 662 35 703 161 30 701 584 239 848 784 529 383 149 172 979 438 502 262 753 643 563 37 567 842 145 201 822 921 163 781 821 177 816 876 691 198 577 275 437 777 60 967 161 561 491 492 352 993 754 457 988 318 494 555 512 
639 108 334 912 272 468 85 801 636 961 492 835 538 768 272 668 180 591 829 93 82 321 797 427 427 254 415 97 100 322 609 92 431 944 4 55 764 442 856 400 403 701 235 294 821 860 962 353 803 143 446 886 816 244 313 243 850 81 341 951 403 950 43 834 246 399 889 10 841 98 763 245 799 350 891 620 210 853 973 14 348 771 252 164 367 917 407 218 350 100 169 754 403 212 588 649 611 830 12 805 
928 775 402 79 125 293 51 688 498 24 54 846 147 658 10 515 927 417 85 278 518 254 32 921 818 972 922 781 802 286 586 82 61 988 161 539 281 564 579 131 588 985 977 88 643 987 603 922 757 688 200 627 294 232 548 112 557 822 245 711 109 832 794 522 172 307 413 806 872 992 937 812 329 915 900 324 254 855 247 11 895 447 638 189 32 538 653 589 713 899 300 822 83 446 696 607 106 110 413 978 
454 351 142 784 618 395 460 872 250 707 236 498 507 226 39 539 117 693 480 830 944 780 652 379 579 700 986 685 810 752 15 617 103 157 753 73 552 213 297 155 273 533 653 780 112 692 319 229 737 151 59 33 283 63 412 862 763 751 547 926 503 914 543 958 424 648 31 328 861 680 483 134 566 488 266 678 533 585 907 622 736 318 656 20 381 420 234 496 171 134 422 674 48 317 984 472 317 15 801 179 
48 636 665 614 477 932 292 10 869 551 632 958 869 640 330 250 61 916 98 232 50 521 259 451 190 595 923 508 963 76 39 11 65 56 625 542 340 917 904 562 468 888 872 689 529 202 939 590 470 389 174 521 910 785 972 453 381 247 313 696 676 352 707 93 760 332 635 101 601 891 15 421 779 887 110 660 441 401 602 911 790 129 432 53 266 756 506 999 356 171 695 32 523 402 125 635 734 112 88 687 
355 103 108 486 990 218 147 783 971 101 695 762 230 479 167 849 588 673 848 944 844 544 328 719 946 453 354 33 917 795 720 272 898 181 110 241 751 257 24 723 711 71 837 293 551 4 142 139 29 991 435 225 535 763 944 833 216 650 218 485 445 939 109 696 472 219 937 223 829 313 298 540 385 135 833 936 139 976 427 520 967 862 745 854 625 41 687 193 44 258 30 489 197 139 537 21 710 474 244 539 
788 543 431 173 30 265 461 522 593 240 42 912 102 788 766 79 829 805 624 873 63 654 715 612 145 252 633 855 79 230 747 219 125 178 744 155 795 557 677 388 797 720 300 251 508 418 682 689 576 306 915 991 312 982 956 809 586 941 664 665 171 763 236 296 942 980 452 737 889 481 478 686 201 778 937 61 549 619 751 477 277 18 468 941 0 424 750 586 366 767 604 889 530 840 538 824 173 990 562 62 
471 40 749 25 170 38 86 71 10 189 548 287 207 17 581 559 793 331 146 511 98 750 401 981 942 939 805 115 281 719 530 104 111 631 481 282 669 568 705 31 109 254 319 669 623 252 228 416 583 374 928 682 476 681 15 419 972 820 886 605 540 416 61 651 47 543 285 69 111 991 100 220 597 771 241 220 23 470 636 607 196 916 641 673 949 656 444 273 828 682 878 720 99 940 372 498 483 9 919 946 
352 372 518 949 143 760 169 519 230 158 478 426 426 471 451 728 127 895 1 307 578 880 28 29 172 752 879 655 761 151 953 466 523 471 415 666 231 937 537 813 447 15 592 225 486 43 953 965 291 955 273 221 835 653 602 359 405 833 366 518 984 319 984 507 790 752 526 374 41 63 539 488 79 131 713 917 527 19 883 818 974 508 391 161 161 993 520 566 826 886 84 163 205 69 670 347 173 548 73 214 
612 613 54 43 96 119 312 623 138 195 793 112 55 184 273 216 529 145 782 708 31 219 871 588 640 893 288 813 794 361 379 406 974 433 801 423 552 113 46 43 661 840 155 716 376 781 933 258 926 67 318 310 638 189 898 278 434 186 443 228 900 822 986 226 255 139 649 160 605 696 203 266 888 710 334 616 491 619 874 770 687 192 80 677 733 330 956 520 869 399 100 769 574 439 995 181 930 997 693 535 
693 896 153 933 959 840 549 450 459 776 572 498 320 652 176 406 335 484 926 204 235 378 325 809 817 320 991 100 669 684 635 362 933 141 647 244 981 549 46 792 325 619 291 997 271 819 403 606 303 681 162 538 60 487 700 229 160 43 329 829 79 317 544 12 458 543 608 791 92 655 583 769 274 226 767 897 45 522 856 348 204 18 239 616 858 939 845 18 982 527 199 61 844 743 426 654 287 34 797 731 
689 732 501 963 959 268 213 4 790 69 705 346 87 944 962 945 235 808 315 569 687 515 630 883 610 408 889 249 795 686 981 484 418 482 800 377 102 13 734 244 82 791 591 521 87 553 819 322 713 134 891 752 649 873 635 612 634 524 861 429 210 842 913 981 324 65 710 778 430 796 23 512 587 614 386 674 519 205 348 585 339 591 337 341 465 973 953 99 849 814 880 412 657 145 393 333 211 455 112 641 
252 487 506 839 101 892 866 972 449 214 557 788 806 247 481 623 220 434 74 421 601 954 833 258 99 578 943 662 34 407 304 286 894 162 477 995 406 343 320 855 910 877 995 68 476 829 691 696 263 765 118 864 71 303 474 170 882 770 833 916 177 489 554 72 3 31 419 409 727 739 616 989 969 963 57 445 792 748 494 408 865 964 272 936 267 99 458 501 221 643 417 398 484 971 470 487 355 242 248 434 
333 216 423 302 180 480 100 972 580 946 380 797 910 5 733 529 456 543 31 677 539 800 427 23 124 898 863 831 492 463 265 825 680 40 480 860 520 580 184 452 526 917 249 788 922 334 669 730 229 52 759 768 853 186 144 977 436 7 808 928 470 425 754 150 465 586 362 337 166 547 789 44 464 390 184 738 724 853 820 953 906 579 74 111 765 218 440 554 577 600 482 399 25 588 902 842 174 264 179 692 
163 320 88 979 710 272 69 786 478 889 739 736 820 165 847 938 383 287 492 312 887 974 712 264 915 966 106 441 230 285 134 746 957 222 725 667 847 795 453 677 36 544 413 857 710 612 795 445 899 287 110 138 613 822 754 880 788 860 322 370 497 808 468 454 30 546 473 229 341 278 906 729 822 671 586 884 283 733 682 534 20 792 24 986 966 778 866 106 638 540 476 487 348 297 941 379 843 766 960 536 
44 219 265 219 890 204 103 174 937 137 708 310 929 85 296 895 863 514 1 502 55 830 341 403 127 635 134 322 401 95 858 446 314 123 665 556 679 120 82 617 258 143 927 539 228 575 435 91 89 788 945 144 970 287 900 97 922 34 771 323 481 629 121 147 105 138 704 784 259 786 753 869 929 680 408 157 255 195 601 697 984 546 193 954 833 93 404 107 128 175 431 961 157 904 109 262 43 165 398 302 
951 152 523 233 184 931 742 440 127 343 489 463 890 682 417 75 776 173 183 256 349 614 217 506 870 678 120 913 843 870 215 147 22 90 380 207 22 122 999 149 466 488 964 708 522 381 783 650 555 966 906 256 932 476 114 803 506 586 716 350 456 284 497 479 374 229 38 396 703 37 897 169 877 861 229 399 595 13 50 502 979 308 758 912 136 224 715 643 810 783 345 266 67 194 745 794 775 783 190 478 
172 440 0 49 653 229 449 600 242 851 102 574 159 212 838 296 436 905 291 246 688 988 865 108 182 610 902 309 746 444 787 918 236 787 320 890 369 769 490 611 620 945 537 131 157 375 779 946 280 422 192 969 410 409 429 944 20 331 253 118 775 393 388 12 180 708 254 549 829 96 513 801 41 50 933 551 778 64 497 58 487 41 379 249 451 808 194 823 139 799 941 267 192 681 631 725 390 885 626 219 
333 491 21 727 542 954 278 672 370 127 730 857 520 462 107 323 270 653 146 762 804 439 381 349 121 12 74 863 249 52 82 582 544 103 309 438 409 939 110 780 418 192 989 939 654 448 262 277 453 761 39 258 552 772 959 673 784 33 888 385 437 971 319 981 426 629 419 188 920 881 320 339 74 309 630 728 110 892 5 563 5 396 173 558 168 132 583 304 517 472 689 955 795 9 288 221 990 60 409 262 
941 729 601 367 391 583 448 501 476 805 64 833 202 238 391 722 722 327 27 240 799 68 547 594 77 835 167 419 895 577 682 189 658 635 556 49 219 4 902 47 810 967 880 364 557 624 86 631 951 465 871 102 534 418 48 963 254 215 383 501 144 417 690 803 52 247 204 623 251 107 670 413 426 903 777 335 879 864 966 830 329 190 284 863 608 332 179 214 899 562 716 44 979 758 199 383 5 403 7 609 
862 29 22 640 284 152 975 163 16 942 345 697 132 629 561 92 961 92 659 213 654 727 257 985 485 456 720 843 211 79 804 426 461 826 66 745 978 42 261 346 336 606 44 820 236 957 912 549 49 923 762 55 650 371 40 488 179 112 331 391 192 135 817 653 313 883 750 644 277 11 990 613 618 386 433 206 695 698 107 744 621 222 799 624 945 191 112 125 656 443 516 848 930 685 853 243 920 603 239 550 
967 230 163 585 968 949 143 664 999 602 408 620 824 560 596 770 103 708 247 111 151 115 959 81 800 164 677 72 120 916 622 87 498 138 24 467 87 167 483 86 121 243 58 298 155 655 420 259 363 667 370 867 782 682 300 934 198 329 6 318 246 629 405 96 767 781 563 206 300 398 644 422 642 702 720 797 709 140 408 73 159 131 292 941 813 592 875 363 922 233 682 520 862 439 616 981 221 532 539 521 
930 183 943 572 886 15 722 595 507 130 20 666 261 312 959 426 257 834 790 179 420 472 51 282 911 667 616 484 551 155 6 482 339 301 406 577 669 128 172 176 611 545 195 872 857 154 299 466 341 441 997 761 913 48 395 176 68 11 13 619 519 19 101 210 672 860 787 341 340 311 518 951 856 65 824 66 219 475 884 560 916 882 673 181 930 69 709 998 432 722 618 303 93 71 513 766 283 652 107 624 
964 977 575 172 42 751 590 614 226 475 526 494 357 200 27 639 621 737 638 405 811 608 709 905 31 574 671 315 227 130 939 543 108 866 715 502 618 658 116 196 133 643 43 490 195 70 481 168 159 119 573 971 79 634 876 111 209 547 778 436 677 69 979 137 935 46 640 905 704 108 102 837 103 145 679 298 567 161 818 727 632 392 698 64 26 574 527 587 121 305 23 150 726 354 288 661 753 280 567 457 
388 21 647 492 518 678 142 85 191 313 812 824 705 510 240 83 84 767 671 557 72 46 708 798 753 348 811 506 628 730 963 16 751 962 860 621 641 355 707 184 668 519 360 725 382 600 808 466 367 831 376 791 878 84 941 631 432 753 137 412 835 452 428 939 767 641 560 760 348 267 944 16 139 305 741 521 257 901 339 625 733 715 768 963 799 710 946 583 815 435 995 2 239 776 941 6 769 502 118 117 
769 63 133 260 720 226 781 977 127 121 954 212 836 75 527 988 137 473 923 952 908 271 954 500 47 248 506 816 750 625 933 871 40 418 132 112 644 913 441 123 386 396 688 223 823 215 563 960 41 486 912 301 757 218 801 156 466 660 324 568 285 257 440 677 27 572 789 23 837 230 499 224 978 187 799 801 754 714 761 147 552 25 449 310 596 250 818 414 262 143 983 547 752 423 576 780 347 365 155 536 
596 654 760 926 193 911 728 948 625 841 447 178 219 896 840 815 499 10 229 761 153 212 661 906 987 237 38 334 955 193 871 903 200 983 829 393 247 909 693 224 751 141 754 322 37 946 137 888 957 718 2 462 931 663 720 270 252 758 605 207 304 828 462 504 163 292 897 762 201 943 339 304 84 93 626 473 392 115 362 701 834 364 163 117 379 884 387 983 994 344 543 298 172 5 154 688 297 52 802 851 
347 141 507 431 587 486 904 331 601 618 32 787 334 195 904 713 79 292 49 74 636 592 724 161 949 879 201 247 283 3 450 630 497 309 61 84 795 317 415 749 936 799 536 270 994 441 336 426 85 385 852 721 329 576 882 278 807 83 877 90 439 679 72 936 989 485 372 136 803 139 885 739 938 774 361 932 567 697 710 652 434 562 373 763 491 608 394 650 43 623 741 482 303 165 770 292 651 142 780 454 
281 666 545 219 792 906 504 359 604 566 11 390 481 736 154 972 696 900 622 740 523 715 574 826 881 345 470 884 839 251 338 473 269 235 44 61 141 548 772 97 115 783 488 596 871 642 920 568 894 894 308 417 962 234 596 195 931 66 79 123 669 769 596 290 4 640 703 145 189 475 243 656 610 731 604 482 725 876 50 971 122 710 388 84 296 984 279 228 403 358 351 424 479 299 715 483 939 770 981 480 
246 576 488 208 307 444 690 384 320 92 355 443 154 95 527 451 432 159 31 835 869 734 611 349 33 678 184 324 449 165 805 695 741 293 255 400 90 946 136 410 390 843 205 545 939 85 348 371 244 731 558 113 817 169 814 202 848 351 526 649 516 683 696 610 329 951 362 419 897 499 181 640 342 387 537 633 472 885 4 716 968 914 181 137 436 348 339 284 699 217 285 567 901 981 177 582 932 540 1 182 
391 182 822 733 569 359 367 393 596 723 109 564 638 643 701 74 343 392 710 42 609 995 609 862 976 139 444 908 679 797 90 70 980 264 155 901 623 874 295 219 598 756 135 588 751 188 662 94 932 724 488 542 719 450 756 47 589 201 307 620 998 750 42 330 14 197 584 638 424 231 209 22 987 345 610 91 885 624 537 818 348 26 712 419 476 468 466 417 669 773 37 20 523 431 702 538 980 286 528 404 
517 737 426 857 434 388 948 320 364 837 490 712 863 202 483 691 670 949 460 692 75 849 712 950 280 414 840 261 53 368 665 570 458 444 427 244 184 727 564 549 565 406 613 780 608 97 824 631 398 284 323 473 134 387 776 766 153 616 27 206 337 45 129 147 841 908 391 377 636 308 278 553 714 892 333 675 989 509 306 739 794 981 565 280 720 341 46 873 957 426 432 646 471 561 793 664 469 185 41 457 
845 320 362 559 564 696 586 905 557 892 644 351 225 209 631 945 550 678 171 860 104 955 858 927 868 4 943 337 541 336 147 386 656 509 945 572 557 532 477 115 776 474 818 354 683 450 651 586 480 174 798 584 129 8 863 997 12 806 687 553 142 834 939 151 695 237 723 605 121 553 720 897 27 538 603 62 340 255 0 820 429 798 756 911 807 619 908 171 425 947 725 920 781 664 71 829 901 146 434 22 
699 506 272 78 44 227 141 385 482 493 557 264 292 314 175 451 933 435 622 711 383 699 983 516 364 406 345 617 552 131 992 604 637 616 34 682 843 175 419 678 21 976 942 313 642 469 116 928 904 90 639 287 790 974 804 506 380 501 475 284 633 467 240 270 83 275 304 279 802 75 957 823 52 899 488 46 368 604 974 272 47 965 912 189 939 716 47 671 569 522 956 202 342 196 825 777 471 129 56 274 
205 13 97 609 264 938 655 984 894 982 609 941 947 521 482 239 589 881 910 158 404 866 713 98 63 538 875 886 19 932 512 576 297 962 185 562 900 193 546 794 527 155 88 474 28 570 713 617 452 624 128 208 842 841 306 257 731 533 144 750 465 8 327 115 970 864 677 870 409 575 17 936 83 105 411 111 27 476 81 831 452 561 391 295 754 49 552 485 583 48 587 400 57 266 515 27 131 192 250 540 
120 267 829 203 724 592 666 751 68 99 935 521 12 326 816 766 376 720 603 959 769 543 359 826 809 875 205 940 419 455 833 891 74 14 446 798 606 465 902 674 916 837 547 929 163 715 47 539 436 651 850 557 194 210 383 3 437 588 296 208 396 481 100 822 495 546 621 101 363 875 127 280 712 27 209 227 742 256 119 530 259 969 87 453 179 822 809 968 763 457 177 511 938 629 333 785 527 954 886 891 
829 365 171 893 392 380 121 487 988 240 17 248 561 457 53 93 279 214 61 42 23 590 905 313 219 239 98 747 193 336 990 375 702 161 620 446 893 93 933 233 685 303 481 247 760 887 340 391 453 401 786 477 344 691 790 563 930 889 662 476 225 4 203 279 165 823 78 410 917 11 644 602 314 477 201 426 364 541 818 818 295 604 295 639 295 437 554 578 326 569 54 904 573 257 535 91 80 613 501 349 
