13,13
33 243 935 452 296 244 832 67 843 744 771 631 27 
41 739 189 872 623 849 829 983 290 965 93 899 277 
86 882 850 128 281 883 371 216 335 668 812 520 87 
655 264 859 286 644 252 377 833 476 0 682 306 335 
324 623 429 223 901 867 105 751 996 738 987 719 306 
674 739 118 194 827 773 811 38 411 455 642 141 288 
470 493 322 776 829 646 400 610 869 653 477 326 756 
825 416 743 545 722 770 636 840 964 463 965 775 853 
728 230 495 869 870 966 363 192 94 192 838 846 154 
59 499 983 737 256 809 153 351 706 875 121 342 67 
86 806 32 213 659 761 796 507 982 666 473 345 859 
567 889 49 414 43 109 265 27 846 521 188 352 225 
894 579 346 236 647 784 394 31 350 406 144 146 913 
