45,45
33 243 935 452 296 244 832 67 843 744 771 631 27 41 739 189 872 623 849 829 983 290 965 93 899 277 86 882 850 128 281 883 371 216 335 668 812 520 87 655 264 859 286 644 252 
377 833 476 0 682 306 335 324 623 429 223 901 867 105 751 996 738 987 719 306 674 739 118 194 827 773 811 38 411 455 642 141 288 470 493 322 776 829 646 400 610 869 653 477 326 
756 825 416 743 545 722 770 636 840 964 463 965 775 853 728 230 495 869 870 966 363 192 94 192 838 846 154 59 499 983 737 256 809 153 351 706 875 121 342 67 86 806 32 213 659 
761 796 507 982 666 473 345 859 567 889 49 414 43 109 265 27 846 521 188 352 225 894 579 346 236 647 784 394 31 350 406 144 146 913 127 164 738 472 375 305 714 425 71 757 886 
337 136 84 210 324 436 787 570 16 486 807 663 270 553 46 972 959 191 470 224 318 635 962 142 362 620 856 787 43 966 25 732 454 110 943 131 546 730 701 914 568 860 929 191 414 
976 163 725 519 634 950 837 621 264 331 983 236 540 123 280 506 148 12 960 258 307 443 157 390 145 423 958 357 353 149 771 681 313 849 200 299 151 389 920 415 720 903 4 260 26 
284 118 527 648 431 137 956 874 294 346 371 70 304 729 423 454 852 456 119 701 656 418 852 45 690 620 117 593 624 378 972 260 496 851 908 279 988 864 154 635 562 525 705 867 254 
480 673 107 936 144 160 944 562 13 341 604 985 458 197 961 188 521 221 37 372 129 316 361 346 470 996 908 348 53 127 602 533 800 61 821 296 222 765 210 587 106 814 572 916 12 
533 105 885 106 142 610 235 810 971 581 633 319 842 981 724 969 935 257 122 997 78 418 219 195 629 158 301 443 730 569 807 615 674 45 721 168 655 308 979 978 242 964 649 84 945 
373 53 880 630 527 877 60 946 448 255 927 958 908 722 40 477 530 655 504 575 728 24 582 37 3 560 279 967 209 363 264 582 768 145 564 648 374 976 946 175 583 873 133 491 595 
174 320 477 181 176 404 910 201 986 299 204 898 578 524 107 293 140 41 413 285 957 61 12 933 7 539 516 232 24 359 828 550 32 657 732 208 62 994 409 400 293 966 299 223 842 
758 516 982 152 281 620 461 695 632 747 702 171 263 287 195 975 467 746 7 124 830 215 538 176 977 939 469 943 590 692 785 700 560 767 204 193 387 666 888 371 413 943 894 28 230 
442 355 697 188 362 173 370 930 712 546 907 3 367 202 945 411 987 997 971 106 202 516 846 220 405 217 985 700 464 365 930 906 721 979 94 435 152 816 365 216 362 624 219 729 178 
516 492 165 514 463 624 68 331 470 640 736 39 625 436 503 342 718 409 63 697 855 499 202 23 216 418 737 193 990 818 371 506 310 889 372 125 865 792 457 687 432 545 726 409 334 
582 752 52 343 167 102 551 666 656 926 235 426 664 780 416 482 151 275 793 392 999 918 257 792 727 944 576 273 23 986 959 605 90 11 300 257 465 203 276 473 130 863 900 794 643 
668 628 146 943 421 539 295 692 796 439 771 93 15 396 116 353 355 73 443 719 373 53 184 929 329 10 59 544 910 205 187 578 833 333 874 607 872 521 651 21 960 422 114 975 819 
230 329 174 655 124 893 380 529 430 309 210 440 720 754 702 925 941 632 759 275 858 718 499 379 369 872 339 143 986 667 962 568 996 489 223 472 734 604 2 164 265 564 956 986 319 
10 911 260 995 22 887 853 92 739 233 461 611 572 605 950 239 919 518 587 760 94 412 495 50 766 11 315 330 320 653 649 330 917 262 325 291 149 531 384 240 764 197 852 688 154 
802 280 74 672 867 186 118 631 681 168 749 693 836 80 365 841 81 47 758 343 725 50 845 256 786 437 372 983 289 60 138 443 340 564 468 560 750 586 543 784 107 293 829 295 373 
194 136 806 241 247 502 966 297 699 574 435 136 946 418 426 7 908 221 699 824 689 259 575 628 803 711 735 96 540 382 821 734 870 979 327 117 481 646 766 180 220 201 317 167 972 
95 526 880 668 225 705 358 837 632 338 992 695 425 440 235 807 613 321 677 592 648 795 74 646 913 606 867 115 275 386 87 370 264 319 39 841 24 749 678 8 87 670 703 864 462 
290 671 75 611 700 668 612 847 94 258 761 700 477 228 976 215 315 698 479 634 89 321 11 838 351 371 277 374 75 141 836 365 164 912 329 217 932 941 64 378 551 177 430 381 405 
406 948 720 457 428 707 546 101 70 737 804 441 366 178 868 860 367 234 24 279 915 593 563 856 658 941 759 187 371 140 593 130 441 665 587 221 372 485 322 794 222 478 236 941 657 
104 801 24 690 177 655 605 771 570 813 781 863 573 968 234 65 561 716 506 227 655 727 951 493 401 746 67 880 334 8 889 438 809 265 129 339 920 86 110 490 900 891 353 825 859 
939 242 773 8 749 352 15 828 655 508 582 401 576 814 735 584 703 526 746 968 7 85 240 93 195 82 345 438 787 170 649 78 413 774 86 514 126 102 694 782 962 276 535 538 442 
623 475 145 149 573 465 508 658 57 953 205 139 299 995 926 821 644 357 586 771 443 452 897 897 147 31 212 775 567 102 218 190 577 715 691 150 181 551 160 590 504 717 730 155 712 
8 329 709 365 915 480 161 368 729 410 867 761 622 642 328 725 212 870 654 928 913 805 461 464 317 51 320 35 781 828 99 142 157 808 507 72 640 20 792 370 431 659 131 53 654 
811 130 866 681 785 794 946 942 607 410 259 659 82 646 792 910 746 934 419 906 794 844 547 814 636 917 597 648 48 651 302 211 133 520 892 918 667 838 860 274 600 472 285 34 118 
78 297 864 364 716 771 510 560 318 677 549 587 274 197 987 277 851 198 411 723 90 329 390 280 542 665 232 14 302 266 132 380 563 349 97 632 120 607 192 790 636 741 377 911 290 
716 188 493 914 951 217 356 281 607 988 175 624 220 189 927 838 321 659 754 670 108 386 142 716 578 284 704 672 13 615 962 729 156 456 643 107 25 351 740 632 339 915 609 911 104 
888 750 778 899 856 800 8 242 943 76 172 579 780 196 593 396 511 322 904 319 318 11 344 21 104 328 361 19 289 272 476 177 374 254 429 230 54 437 824 349 513 349 929 645 545 
874 393 56 548 297 727 218 661 71 240 765 752 601 136 41 225 612 571 600 218 0 182 625 437 7 974 302 708 255 947 253 129 341 662 30 990 741 248 651 813 488 768 565 441 905 
958 667 869 529 619 88 529 801 65 318 160 39 620 220 647 568 826 128 261 488 158 251 229 407 255 394 247 23 311 689 280 270 708 150 151 327 590 681 480 655 999 993 46 620 213 
45 540 39 174 153 879 684 756 461 443 11 855 43 387 519 732 19 789 440 521 292 119 111 973 599 118 325 592 517 945 158 562 837 197 88 342 77 125 98 538 568 462 745 611 849 
264 695 220 405 487 742 698 606 205 23 558 324 348 502 193 645 660 755 834 858 196 176 287 321 275 177 241 737 922 205 938 539 900 158 296 388 252 994 346 458 370 904 134 718 759 
327 364 419 434 198 629 630 727 916 303 2 445 545 91 368 102 381 259 2 539 555 742 144 902 89 602 272 345 88 990 456 415 706 876 201 257 857 832 984 126 487 338 571 384 429 
291 486 162 550 841 53 106 583 197 8 24 151 632 722 239 974 178 654 33 406 856 642 264 40 978 742 879 316 313 264 97 957 102 259 507 943 312 965 527 862 325 903 13 957 625 
253 932 156 259 965 562 467 607 178 859 585 920 739 253 586 355 702 543 457 313 402 753 625 368 280 839 693 535 853 651 513 106 935 669 717 252 231 185 211 762 44 148 34 135 401 
972 490 455 515 300 768 918 53 745 638 685 585 331 220 790 334 733 248 269 402 965 873 986 502 84 100 547 232 134 34 985 107 877 440 974 177 560 244 230 306 882 267 243 566 487 
33 252 573 281 874 327 246 747 665 749 832 117 648 416 252 682 402 711 559 194 37 88 755 634 670 413 868 937 656 434 777 689 687 702 970 561 29 568 660 47 669 492 164 317 261 
768 352 663 831 263 209 869 704 316 855 374 729 723 664 385 158 793 426 197 495 748 110 876 669 770 923 338 615 440 8 876 208 360 891 392 975 100 613 679 769 468 406 498 191 70 
236 701 863 14 250 358 763 360 586 432 131 862 770 98 302 130 974 862 490 865 254 818 317 219 849 86 687 255 937 231 325 525 932 540 539 183 250 654 543 837 86 26 699 209 476 
353 339 450 567 182 667 822 352 337 393 201 423 81 457 712 312 134 237 596 675 129 779 925 783 675 762 222 53 813 431 530 166 122 332 734 656 0 908 360 337 653 562 112 734 371 
177 398 505 766 347 532 895 126 458 679 153 572 901 559 738 684 441 256 158 125 342 167 125 250 527 814 904 441 279 990 812 808 741 670 574 88 202 470 566 12 149 72 937 50 983 
27 86 424 283 244 549 626 411 27 228 291 193 484 732 824 827 897 632 568 567 559 656 121 29 574 486 178 646 423 580 629 450 18 405 85 262 307 711 26 334 940 317 879 776 49 
